A	B
3.901E-4	0.01274
3.894E-4	0.01278
3.888E-4	0.01276
3.877E-4	0.01277
3.873E-4	0.01277
3.86E-4	0.01274
3.859E-4	0.01269
3.852E-4	0.0127
3.84E-4	0.01274
3.837E-4	0.01277
3.832E-4	0.0128
3.827E-4	0.01279
3.818E-4	0.01274
3.809E-4	0.01278
3.804E-4	0.01275
3.797E-4	0.01268
3.791E-4	0.01268
3.785E-4	0.01272
3.776E-4	0.01267
3.772E-4	0.01269
3.766E-4	0.01263
3.764E-4	0.01267
3.753E-4	0.01269
3.747E-4	0.0128
3.736E-4	0.01283
3.73E-4	0.01279
3.72E-4	0.01273
3.719E-4	0.01274
3.717E-4	0.01275
3.703E-4	0.01269
3.7E-4	0.01267
3.69E-4	0.01273
3.683E-4	0.01273
3.676E-4	0.01284
3.667E-4	0.01283
3.665E-4	0.01283
3.66E-4	0.01283
3.654E-4	0.01276
3.646E-4	0.01274
3.643E-4	0.01278
3.634E-4	0.01278
3.629E-4	0.01279
3.615E-4	0.01279
3.613E-4	0.01274
3.607E-4	0.01271
3.595E-4	0.01276
3.593E-4	0.0127
3.586E-4	0.01266
3.583E-4	0.01274
3.573E-4	0.01283
3.57E-4	0.01278
3.564E-4	0.01276
3.556E-4	0.01275
3.548E-4	0.0127
3.539E-4	0.01273
3.533E-4	0.01276
3.529E-4	0.01274
3.522E-4	0.01276
3.518E-4	0.01282
3.507E-4	0.01279
3.502E-4	0.01278
3.492E-4	0.01281
3.486E-4	0.01282
3.479E-4	0.01278
3.476E-4	0.01278
3.47E-4	0.01279
3.456E-4	0.01279
3.454E-4	0.0128
3.45E-4	0.01274
3.443E-4	0.01273
3.431E-4	0.01276
3.426E-4	0.01278
3.419E-4	0.01278
3.412E-4	0.01268
3.409E-4	0.01266
3.4E-4	0.01267
3.397E-4	0.01267
3.384E-4	0.01277
3.385E-4	0.01282
3.38E-4	0.01284
3.369E-4	0.01276
3.362E-4	0.01281
3.351E-4	0.01282
3.344E-4	0.01278
3.34E-4	0.01277
3.335E-4	0.01278
3.333E-4	0.01275
3.322E-4	0.01276
3.322E-4	0.0127
3.306E-4	0.01276
3.303E-4	0.01277
3.292E-4	0.01275
3.288E-4	0.0127
3.277E-4	0.01273
3.279E-4	0.01265
3.273E-4	0.01269
3.263E-4	0.01274
3.256E-4	0.01276
3.241E-4	0.01274
3.24E-4	0.01273
3.23E-4	0.01273
3.226E-4	0.01269
3.222E-4	0.01269
3.216E-4	0.01265
3.21E-4	0.01266
3.2E-4	0.01268
3.193E-4	0.01273
3.184E-4	0.01273
3.181E-4	0.0126
3.176E-4	0.01266
3.168E-4	0.01265
3.163E-4	0.0126
3.153E-4	0.01261
3.149E-4	0.0127
3.139E-4	0.0126
3.133E-4	0.01264
3.131E-4	0.01268
3.118E-4	0.01262
3.113E-4	0.01263
3.104E-4	0.01271
3.101E-4	0.01268
3.09E-4	0.01267
3.083E-4	0.0127
3.077E-4	0.01266
3.071E-4	0.01263
3.064E-4	0.01265
3.056E-4	0.0126
3.048E-4	0.01261
3.044E-4	0.01255
3.041E-4	0.01257
3.035E-4	0.01248
3.024E-4	0.01258
3.023E-4	0.01267
3.01E-4	0.0127
3E-4	0.0127
2.999E-4	0.0126
2.989E-4	0.01257
2.987E-4	0.01253
2.975E-4	0.01262
2.971E-4	0.01256
2.962E-4	0.01263
2.959E-4	0.01268
2.944E-4	0.01266
2.94E-4	0.01274
2.929E-4	0.0127
2.93E-4	0.01268
2.927E-4	0.0127
2.916E-4	0.01274
2.911E-4	0.01267
2.901E-4	0.01272
2.897E-4	0.01272
2.89E-4	0.01271
2.884E-4	0.01267
2.88E-4	0.01261
2.865E-4	0.01263
2.865E-4	0.01261
2.856E-4	0.01268
2.849E-4	0.0126
2.846E-4	0.01265
2.836E-4	0.01263
2.835E-4	0.01261
2.82E-4	0.01257
2.818E-4	0.01254
2.807E-4	0.01258
2.805E-4	0.01254
2.795E-4	0.01258
2.796E-4	0.01262
2.787E-4	0.01259
2.78E-4	0.01253
2.772E-4	0.01253
2.759E-4	0.01241
2.753E-4	0.01246
2.745E-4	0.01253
2.742E-4	0.01245
2.737E-4	0.01256
2.73E-4	0.01267
2.726E-4	0.01255
2.718E-4	0.01249
2.71E-4	0.01252
2.7E-4	0.0125
2.693E-4	0.01249
2.692E-4	0.01244
2.681E-4	0.01244
2.676E-4	0.01247
2.668E-4	0.01252
2.662E-4	0.01247
2.654E-4	0.01241
2.649E-4	0.01242
2.645E-4	0.01241
2.636E-4	0.01245
2.628E-4	0.01254
2.622E-4	0.01246
2.613E-4	0.01245
2.604E-4	0.01242
2.603E-4	0.01241
2.593E-4	0.01238
2.587E-4	0.01233
2.58E-4	0.01235
2.575E-4	0.01232
2.563E-4	0.01232
2.558E-4	0.01244
2.55E-4	0.01239
2.546E-4	0.01227
2.537E-4	0.01223
2.53E-4	0.01224
2.522E-4	0.01222
2.524E-4	0.01227
2.505E-4	0.01222
2.505E-4	0.0122
2.491E-4	0.01222
2.491E-4	0.01219
2.482E-4	0.01219
2.476E-4	0.01211
2.472E-4	0.0121
2.46E-4	0.01211
2.454E-4	0.01212
2.444E-4	0.01208
2.438E-4	0.01206
2.438E-4	0.01206
2.424E-4	0.01206
2.421E-4	0.01196
2.412E-4	0.01193
2.409E-4	0.01193
2.396E-4	0.01191
2.392E-4	0.01176
2.386E-4	0.01167
2.376E-4	0.01164
2.368E-4	0.01155
2.359E-4	0.01148
2.354E-4	0.01135
2.344E-4	0.01123
2.338E-4	0.01117
2.334E-4	0.01108
2.328E-4	0.01091
2.317E-4	0.01076
2.303E-4	0.01061
2.296E-4	0.01055
2.283E-4	0.01041
2.28E-4	0.01029
2.277E-4	0.0102
2.265E-4	0.01016
2.256E-4	0.01014
2.246E-4	0.01019
2.238E-4	0.0102
2.225E-4	0.01028
2.221E-4	0.01034
2.212E-4	0.01041
2.207E-4	0.0105
2.206E-4	0.01052
2.193E-4	0.01056
2.188E-4	0.01064
2.176E-4	0.01076
2.174E-4	0.01087
2.16E-4	0.01097
2.149E-4	0.01108
2.146E-4	0.01112
2.139E-4	0.01114
2.134E-4	0.01121
2.124E-4	0.01134
2.117E-4	0.01137
2.109E-4	0.01139
2.103E-4	0.01147
2.098E-4	0.01156
2.09E-4	0.01154
2.075E-4	0.01159
2.068E-4	0.01161
2.063E-4	0.01167
2.053E-4	0.01174
2.049E-4	0.01181
2.051E-4	0.01169
2.035E-4	0.01176
2.032E-4	0.01182
2.018E-4	0.01197
2.014E-4	0.01194
1.997E-4	0.01193
2E-4	0.01192
1.993E-4	0.01198
1.987E-4	0.01201
1.983E-4	0.01199
1.973E-4	0.01196
1.964E-4	0.01202
1.954E-4	0.0121
1.952E-4	0.01203
1.945E-4	0.01197
1.938E-4	0.01199
1.934E-4	0.01197
1.924E-4	0.01201
1.92E-4	0.01198
1.905E-4	0.01208
1.903E-4	0.01207
1.894E-4	0.0121
1.884E-4	0.01209
1.88E-4	0.0121
1.874E-4	0.01213
1.874E-4	0.01211
1.86E-4	0.01206
1.854E-4	0.01202
1.845E-4	0.01217
1.839E-4	0.01218
1.834E-4	0.01221
1.821E-4	0.01213
1.814E-4	0.01202
1.809E-4	0.01204
1.804E-4	0.01207
1.793E-4	0.01206
1.79E-4	0.01206
1.786E-4	0.01203
1.776E-4	0.01204
1.768E-4	0.01207
1.759E-4	0.01208
1.751E-4	0.01208
1.743E-4	0.01203
1.741E-4	0.01203
1.734E-4	0.012
1.73E-4	0.01203
1.724E-4	0.01201
1.711E-4	0.01201
1.705E-4	0.01202
1.695E-4	0.01204
1.686E-4	0.01205
1.684E-4	0.01199
1.674E-4	0.01202
1.672E-4	0.01199
1.66E-4	0.01196
1.659E-4	0.01195
1.647E-4	0.01196
1.64E-4	0.0119
1.64E-4	0.01192
1.629E-4	0.01202
1.618E-4	0.01205
1.61E-4	0.01199
1.605E-4	0.01188
1.597E-4	0.01186
1.592E-4	0.01185
1.587E-4	0.01185
1.571E-4	0.0118
1.568E-4	0.0119
1.56E-4	0.01194
1.555E-4	0.01183
1.546E-4	0.01179
1.542E-4	0.01177
1.544E-4	0.01177
1.531E-4	0.01178
1.522E-4	0.01177
1.51E-4	0.0118
1.509E-4	0.01172
1.499E-4	0.0117
1.491E-4	0.01169
1.478E-4	0.01174
1.475E-4	0.01165
1.471E-4	0.01166
1.462E-4	0.01159
1.454E-4	0.0116
1.445E-4	0.01155
1.443E-4	0.01152
1.429E-4	0.01153
1.426E-4	0.01147
1.42E-4	0.01141
1.405E-4	0.01138
1.402E-4	0.01138
1.39E-4	0.01138
1.386E-4	0.0113
1.379E-4	0.01124
1.371E-4	0.01125
1.363E-4	0.01125
1.351E-4	0.01122
1.349E-4	0.0112
1.34E-4	0.01117
1.335E-4	0.01107
1.323E-4	0.01111
1.32E-4	0.01111
1.312E-4	0.01112
1.301E-4	0.01119
1.3E-4	0.01127
1.286E-4	0.01139
1.28E-4	0.0115
1.267E-4	0.01161
1.27E-4	0.01165
1.262E-4	0.01171
1.251E-4	0.01177
1.247E-4	0.0119
1.239E-4	0.01212
1.233E-4	0.01233
1.222E-4	0.01241
1.219E-4	0.01251
1.213E-4	0.0126
1.2E-4	0.01267
1.197E-4	0.01276
1.188E-4	0.01278
1.186E-4	0.01278
1.179E-4	0.0129
1.172E-4	0.01298
1.166E-4	0.01307
1.161E-4	0.01317
1.152E-4	0.01319
1.145E-4	0.01322
1.138E-4	0.01327
1.128E-4	0.01331
1.126E-4	0.01331
1.116E-4	0.01333
1.114E-4	0.01325
1.107E-4	0.01334
1.098E-4	0.0133
1.093E-4	0.01334
1.082E-4	0.01339
1.083E-4	0.01339
1.076E-4	0.01338
1.068E-4	0.01335
1.068E-4	0.01341
1.053E-4	0.01335
1.052E-4	0.01337
1.038E-4	0.01332
1.036E-4	0.01334
1.023E-4	0.01326
1.02E-4	0.01324
1.015E-4	0.01324
1.01E-4	0.01321
1.01E-4	0.01319
9.94E-5	0.01315
9.93E-5	0.01308
9.77E-5	0.01305
9.74E-5	0.01307
9.72E-5	0.01311
9.63E-5	0.01307
9.55E-5	0.01295
9.44E-5	0.01298
9.47E-5	0.01282
9.34E-5	0.01283
9.32E-5	0.0127
9.25E-5	0.01253
9.13E-5	0.01252
9.09E-5	0.01248
9.04E-5	0.01245
8.96E-5	0.01234
8.91E-5	0.01224
8.83E-5	0.01216
8.8E-5	0.01207
8.7E-5	0.01197
8.67E-5	0.01185
8.53E-5	0.01174
8.46E-5	0.01163
8.37E-5	0.01156
8.31E-5	0.01144
8.26E-5	0.01126
8.19E-5	0.01113
8.13E-5	0.01095
8E-5	0.01088
8.02E-5	0.0108
7.87E-5	0.01077
7.75E-5	0.01064
7.73E-5	0.01056
7.59E-5	0.01042
7.53E-5	0.0102
7.41E-5	0.01003
7.36E-5	0.00986
7.26E-5	0.00964
7.19E-5	0.00924
6.99E-5	0.00891
6.95E-5	0.00849
6.88E-5	0.00804
6.72E-5	0.00765
6.62E-5	0.00697
6.46E-5	0.00636
6.36E-5	0.0059
6.13E-5	0.00559
6.03E-5	0.00536
5.88E-5	0.0051
5.64E-5	0.00478
5.52E-5	0.00448
5.26E-5	0.00431
5.19E-5	0.00434
4.98E-5	0.00463
4.83E-5	0.00505
4.76E-5	0.00567
4.56E-5	0.00657
4.5E-5	0.00754
4.4E-5	0.00839
4.28E-5	0.00948
4.17E-5	0.01081
4.17E-5	0.01287
4.14E-5	0.01449
4.07E-5	0.01612
4.02E-5	0.01881
3.96E-5	0.02086
3.92E-5	0.02164
3.85E-5	0.02228
3.83E-5	0.02249
3.78E-5	0.02286
3.77E-5	0.02317
3.75E-5	0.02345
3.67E-5	0.02383
3.67E-5	0.02431
3.63E-5	0.02458
3.6E-5	0.02494
3.53E-5	0.02496
3.48E-5	0.02475
3.46E-5	0.0249
3.45E-5	0.02503
3.37E-5	0.02514
3.37E-5	0.02552
3.32E-5	0.02554
3.28E-5	0.02563
3.24E-5	0.02535
3.24E-5	0.02535
3.17E-5	0.02538
3.14E-5	0.02534
3.1E-5	0.02557
3.09E-5	0.02561
3.03E-5	0.02574
3.02E-5	0.02614
2.99E-5	0.02596
2.93E-5	0.02581
2.95E-5	0.02599
2.82E-5	0.02603
2.87E-5	0.02607
2.79E-5	0.02591
2.79E-5	0.02611
2.78E-5	0.02599
2.72E-5	0.02601
2.72E-5	0.02616
2.67E-5	0.02634
2.62E-5	0.02601
2.59E-5	0.02613
2.58E-5	0.02619
2.58E-5	0.02645
2.52E-5	0.02622
2.52E-5	0.02648
2.43E-5	0.02659
2.44E-5	0.02669
2.36E-5	0.0265
2.36E-5	0.02659
2.35E-5	0.02608
2.28E-5	0.02613
2.25E-5	0.02633
2.19E-5	0.02626
2.23E-5	0.02633
2.13E-5	0.02638
2.12E-5	0.02622
2.07E-5	0.02621
2E-5	0.02626
2.01E-5	0.02643
1.99E-5	0.02627
1.94E-5	0.02626
1.97E-5	0.02644
1.93E-5	0.02639
1.86E-5	0.02638
1.79E-5	0.02654
1.81E-5	0.02641
1.75E-5	0.02613
1.68E-5	0.02593
1.73E-5	0.02599
1.63E-5	0.02586
1.61E-5	0.02616
1.57E-5	0.02615
1.54E-5	0.02668
1.53E-5	0.02623
1.47E-5	0.02617
1.45E-5	0.02609
1.42E-5	0.02613
1.4E-5	0.02595
1.35E-5	0.02583
1.35E-5	0.02554
1.26E-5	0.02556
1.26E-5	0.02574
1.24E-5	0.02571
1.18E-5	0.02548
1.15E-5	0.02514
1.13E-5	0.0249
1.09E-5	0.02466
1.02E-5	0.02498
1.07E-5	0.02476
9.8E-6	0.0247
9.7E-6	0.02459
9.3E-6	0.02438
8.6E-6	0.0239
8.6E-6	0.02378
8.1E-6	0.02398
7.9E-6	0.02363
7.4E-6	0.02314
6.5E-6	0.02265
6.7E-6	0.02232
6.3E-6	0.022
5.8E-6	0.02194
5.8E-6	0.02191
4.8E-6	0.02196
4.7E-6	0.02165
4.3E-6	0.02171
3.8E-6	0.02167
3.1E-6	0.0219
3.7E-6	0.02238
2.9E-6	0.02375
2.5E-6	0.02559
2.7E-6	0.02738
2E-6	0.02946
2.1E-6	0.03254
1.2E-6	0.03605
1.7E-6	0.03905
9E-7	0.04244
1.3E-6	0.04529
5E-7	0.04814
9E-7	0.04995
7E-7	0.05209
7E-7	0.05194
8E-7	0.0529
5E-7	0.05296
-2E-7	0.05256
-1E-7	0.04958
0	0.04729
-1E-6	0.04323
-3E-7	0.0395
-8E-7	0.03575
-9E-7	0.03203
-1.4E-6	0.03023
-1.9E-6	0.02789
-1.8E-6	0.0259
-2.3E-6	0.02493
-2.3E-6	0.02351
-3.5E-6	0.02262
-3.6E-6	0.02204
-4.1E-6	0.02174
-3.9E-6	0.02147
-4.3E-6	0.02148
-5.1E-6	0.02192
-5.4E-6	0.02194
-6.1E-6	0.02226
-5.8E-6	0.02278
-6.7E-6	0.023
-6.7E-6	0.02307
-7.5E-6	0.02352
-8E-6	0.02406
-7.3E-6	0.02394
-8E-6	0.02435
-8.6E-6	0.02443
-9.3E-6	0.02451
-9.2E-6	0.02488
-9.9E-6	0.02509
-1.01E-5	0.02493
-1.03E-5	0.025
-1.04E-5	0.02507
-1.08E-5	0.02514
-1.14E-5	0.02526
-1.14E-5	0.02547
-1.19E-5	0.02539
-1.21E-5	0.02549
-1.25E-5	0.02589
-1.33E-5	0.02634
-1.34E-5	0.02614
-1.4E-5	0.02603
-1.44E-5	0.02572
-1.46E-5	0.02586
-1.45E-5	0.02612
-1.49E-5	0.02623
-1.56E-5	0.02593
-1.56E-5	0.02587
-1.62E-5	0.02615
-1.64E-5	0.0263
-1.7E-5	0.02647
-1.71E-5	0.02649
-1.73E-5	0.02638
-1.71E-5	0.02657
-1.77E-5	0.02674
-1.86E-5	0.02654
-1.87E-5	0.02631
-1.89E-5	0.02621
-1.91E-5	0.02632
-1.97E-5	0.0262
-1.97E-5	0.02607
-2.01E-5	0.02625
-2.06E-5	0.02637
-2.09E-5	0.0266
-2.1E-5	0.02647
-2.16E-5	0.02649
-2.22E-5	0.02643
-2.22E-5	0.02656
-2.21E-5	0.02628
-2.27E-5	0.02629
-2.3E-5	0.02611
-2.34E-5	0.02625
-2.36E-5	0.02658
-2.44E-5	0.02633
-2.39E-5	0.0264
-2.48E-5	0.02647
-2.53E-5	0.02662
-2.51E-5	0.02638
-2.58E-5	0.02618
-2.62E-5	0.02575
-2.65E-5	0.02565
-2.67E-5	0.02602
-2.7E-5	0.02637
-2.77E-5	0.02628
-2.75E-5	0.02631
-2.83E-5	0.0262
-2.81E-5	0.02585
-2.93E-5	0.02604
-2.91E-5	0.02599
-2.96E-5	0.02575
-2.99E-5	0.02543
-3.01E-5	0.02551
-3.04E-5	0.02547
-3.08E-5	0.02568
-3.12E-5	0.02562
-3.14E-5	0.0257
-3.21E-5	0.02579
-3.22E-5	0.0254
-3.2E-5	0.02517
-3.27E-5	0.02488
-3.28E-5	0.02524
-3.36E-5	0.02515
-3.39E-5	0.02511
-3.43E-5	0.02504
-3.51E-5	0.02487
-3.47E-5	0.0247
-3.51E-5	0.02464
-3.58E-5	0.02447
-3.61E-5	0.0241
-3.64E-5	0.02387
-3.72E-5	0.02384
-3.66E-5	0.02358
-3.77E-5	0.02342
-3.81E-5	0.02315
-3.86E-5	0.02293
-3.85E-5	0.02238
-3.93E-5	0.02129
-3.99E-5	0.01941
-4.02E-5	0.01673
-4.15E-5	0.01413
-4.23E-5	0.01228
-4.31E-5	0.01102
-4.44E-5	0.00971
-4.5E-5	0.00853
-4.68E-5	0.00751
-4.77E-5	0.00641
-4.96E-5	0.00574
-5.04E-5	0.00509
-5.17E-5	0.00462
-5.42E-5	0.00436
-5.57E-5	0.00435
-5.85E-5	0.00446
-5.98E-5	0.00476
-6.2E-5	0.00509
-6.25E-5	0.0054
-6.32E-5	0.00565
-6.51E-5	0.00596
-6.61E-5	0.00628
-6.81E-5	0.00666
-6.91E-5	0.00739
-7.07E-5	0.00805
-7.11E-5	0.00863
-7.18E-5	0.00906
-7.25E-5	0.00936
-7.34E-5	0.00959
-7.39E-5	0.00976
-7.5E-5	0.01002
-7.68E-5	0.01015
-7.73E-5	0.01034
-7.77E-5	0.01047
-7.86E-5	0.01058
-7.9E-5	0.0107
-8E-5	0.01078
-8.03E-5	0.01094
-8.13E-5	0.01106
-8.19E-5	0.01119
-8.31E-5	0.01135
-8.44E-5	0.01137
-8.47E-5	0.01144
-8.52E-5	0.01156
-8.57E-5	0.01177
-8.67E-5	0.01187
-8.72E-5	0.01198
-8.83E-5	0.0121
-8.88E-5	0.01215
-8.93E-5	0.01222
-9.03E-5	0.0123
-9.06E-5	0.01236
-9.14E-5	0.0125
-9.2E-5	0.01264
-9.33E-5	0.01272
-9.37E-5	0.01273
-9.48E-5	0.01274
-9.47E-5	0.01276
-9.52E-5	0.01276
-9.64E-5	0.01282
-9.65E-5	0.01284
-9.78E-5	0.01294
-9.77E-5	0.0129
-9.88E-5	0.01298
-9.96E-5	0.01312
-1.001E-4	0.01317
-1.006E-4	0.01328
-1.011E-4	0.01313
-1.02E-4	0.01315
-1.022E-4	0.0132
-1.027E-4	0.01327
-1.039E-4	0.01327
-1.043E-4	0.01335
-1.055E-4	0.01336
-1.059E-4	0.01335
-1.065E-4	0.01336
-1.067E-4	0.01339
-1.078E-4	0.0134
-1.084E-4	0.01338
-1.088E-4	0.01341
-1.098E-4	0.01344
-1.101E-4	0.01339
-1.113E-4	0.01339
-1.12E-4	0.01341
-1.121E-4	0.01342
-1.125E-4	0.01332
-1.136E-4	0.01321
-1.144E-4	0.01324
-1.145E-4	0.01329
-1.158E-4	0.01323
-1.161E-4	0.01311
-1.162E-4	0.01304
-1.174E-4	0.01294
-1.179E-4	0.01291
-1.189E-4	0.01285
-1.193E-4	0.01277
-1.2E-4	0.01279
-1.205E-4	0.0127
-1.219E-4	0.0126
-1.222E-4	0.01248
-1.231E-4	0.01237
-1.237E-4	0.01222
-1.24E-4	0.01212
-1.251E-4	0.01203
-1.259E-4	0.01189
-1.272E-4	0.01172
-1.278E-4	0.01164
-1.284E-4	0.01163
-1.288E-4	0.01155
-1.294E-4	0.01145
-1.302E-4	0.01136
-1.308E-4	0.01122
-1.311E-4	0.01113
-1.324E-4	0.01115
-1.332E-4	0.01116
-1.347E-4	0.0111
-1.352E-4	0.01117
-1.354E-4	0.01124
-1.361E-4	0.01119
-1.368E-4	0.01124
-1.373E-4	0.0112
-1.385E-4	0.01122
-1.392E-4	0.01128
-1.402E-4	0.01131
-1.408E-4	0.01133
-1.411E-4	0.01134
-1.426E-4	0.01135
-1.426E-4	0.01144
-1.435E-4	0.01145
-1.439E-4	0.01145
-1.454E-4	0.01156
-1.454E-4	0.01157
-1.463E-4	0.01162
-1.475E-4	0.01169
-1.481E-4	0.01166
-1.492E-4	0.01164
-1.495E-4	0.01164
-1.505E-4	0.01171
-1.508E-4	0.01175
-1.516E-4	0.01176
-1.522E-4	0.01176
-1.531E-4	0.01179
-1.538E-4	0.01177
-1.546E-4	0.01172
-1.557E-4	0.0118
-1.562E-4	0.01179
-1.568E-4	0.01179
-1.573E-4	0.01184
-1.578E-4	0.01177
-1.588E-4	0.01181
-1.593E-4	0.01185
-1.609E-4	0.01196
-1.611E-4	0.012
-1.62E-4	0.01189
-1.624E-4	0.01189
-1.626E-4	0.01193
-1.637E-4	0.01199
-1.643E-4	0.01201
-1.655E-4	0.01198
-1.657E-4	0.01195
-1.67E-4	0.01192
-1.673E-4	0.01202
-1.679E-4	0.01202
-1.692E-4	0.01194
-1.693E-4	0.01194
-1.7E-4	0.01198
-1.71E-4	0.01201
-1.719E-4	0.01211
-1.723E-4	0.01214
-1.729E-4	0.01212
-1.74E-4	0.01207
-1.745E-4	0.01201
-1.753E-4	0.012
-1.756E-4	0.01197
-1.767E-4	0.01198
-1.77E-4	0.01199
-1.782E-4	0.01201
-1.789E-4	0.01208
-1.797E-4	0.01209
