A	B
3.246E-4	0.01275
3.235E-4	0.01276
3.233E-4	0.01276
3.226E-4	0.01275
3.222E-4	0.01281
3.211E-4	0.01279
3.208E-4	0.01265
3.199E-4	0.01263
3.19E-4	0.01268
3.182E-4	0.01277
3.18E-4	0.0128
3.177E-4	0.01276
3.167E-4	0.01272
3.164E-4	0.0127
3.147E-4	0.01279
3.148E-4	0.01286
3.144E-4	0.01285
3.132E-4	0.01276
3.122E-4	0.01273
3.12E-4	0.0127
3.114E-4	0.01272
3.101E-4	0.01275
3.102E-4	0.01275
3.098E-4	0.01269
3.085E-4	0.01271
3.081E-4	0.01269
3.07E-4	0.01264
3.071E-4	0.0127
3.061E-4	0.01278
3.055E-4	0.01279
3.05E-4	0.01274
3.039E-4	0.01265
3.034E-4	0.01264
3.026E-4	0.01271
3.024E-4	0.01276
3.016E-4	0.0128
3.007E-4	0.01274
3.003E-4	0.01266
2.992E-4	0.01261
2.99E-4	0.01268
2.982E-4	0.0128
2.976E-4	0.01274
2.962E-4	0.01265
2.958E-4	0.01267
2.953E-4	0.01273
2.95E-4	0.01279
2.946E-4	0.01276
2.936E-4	0.01269
2.926E-4	0.01268
2.914E-4	0.01273
2.914E-4	0.01284
2.907E-4	0.01286
2.901E-4	0.01276
2.896E-4	0.0127
2.884E-4	0.01269
2.877E-4	0.01271
2.87E-4	0.01268
2.867E-4	0.0127
2.857E-4	0.01274
2.85E-4	0.01277
2.852E-4	0.01271
2.834E-4	0.0127
2.831E-4	0.01274
2.826E-4	0.01274
2.817E-4	0.01276
2.808E-4	0.01272
2.809E-4	0.0127
2.798E-4	0.01266
2.787E-4	0.0126
2.786E-4	0.01262
2.783E-4	0.01267
2.78E-4	0.01265
2.766E-4	0.01266
2.759E-4	0.01256
2.755E-4	0.01263
2.742E-4	0.01269
2.735E-4	0.01267
2.731E-4	0.0126
2.727E-4	0.01264
2.715E-4	0.01262
2.709E-4	0.01255
2.704E-4	0.01256
2.695E-4	0.01259
2.689E-4	0.01266
2.684E-4	0.0127
2.684E-4	0.01263
2.67E-4	0.01253
2.662E-4	0.0125
2.658E-4	0.01251
2.647E-4	0.01255
2.646E-4	0.01259
2.639E-4	0.01259
2.632E-4	0.01248
2.624E-4	0.01241
2.616E-4	0.01243
2.602E-4	0.01244
2.603E-4	0.0125
2.6E-4	0.01256
2.589E-4	0.01258
2.584E-4	0.01253
2.573E-4	0.01245
2.564E-4	0.01243
2.555E-4	0.01244
2.553E-4	0.01245
2.549E-4	0.01242
2.538E-4	0.01236
2.537E-4	0.01235
2.523E-4	0.01235
2.517E-4	0.01245
2.51E-4	0.01242
2.508E-4	0.01238
2.503E-4	0.01233
2.492E-4	0.01234
2.484E-4	0.01234
2.474E-4	0.01238
2.474E-4	0.01236
2.467E-4	0.01235
2.464E-4	0.01223
2.452E-4	0.0122
2.441E-4	0.01221
2.439E-4	0.01222
2.427E-4	0.01225
2.421E-4	0.0122
2.414E-4	0.01213
2.412E-4	0.01204
2.402E-4	0.01205
2.394E-4	0.01207
2.39E-4	0.012
2.38E-4	0.01193
2.379E-4	0.01193
2.367E-4	0.01183
2.361E-4	0.01171
2.353E-4	0.01163
2.342E-4	0.01159
2.333E-4	0.01156
2.327E-4	0.0115
2.323E-4	0.01137
2.313E-4	0.01117
2.305E-4	0.01101
2.301E-4	0.01096
2.29E-4	0.01093
2.284E-4	0.01085
2.269E-4	0.0108
2.262E-4	0.01074
2.256E-4	0.0107
2.251E-4	0.01073
2.239E-4	0.01076
2.237E-4	0.01082
2.23E-4	0.01085
2.214E-4	0.01088
2.21E-4	0.01098
2.2E-4	0.01108
2.195E-4	0.01114
2.189E-4	0.01114
2.183E-4	0.01117
2.173E-4	0.0112
2.159E-4	0.01127
2.159E-4	0.01131
2.148E-4	0.01128
2.147E-4	0.01121
2.131E-4	0.01118
2.126E-4	0.0112
2.121E-4	0.01125
2.115E-4	0.01123
2.105E-4	0.01118
2.096E-4	0.01116
2.086E-4	0.01117
2.072E-4	0.01124
2.082E-4	0.01139
2.072E-4	0.01144
2.064E-4	0.0115
2.054E-4	0.01154
2.043E-4	0.01157
2.034E-4	0.0116
2.024E-4	0.01169
2.024E-4	0.01176
2.02E-4	0.01187
2.008E-4	0.0119
2.001E-4	0.01192
1.99E-4	0.0119
1.985E-4	0.01196
1.98E-4	0.01198
1.976E-4	0.01204
1.969E-4	0.01202
1.959E-4	0.01198
1.957E-4	0.01197
1.942E-4	0.01201
1.932E-4	0.01206
1.927E-4	0.01218
1.924E-4	0.01218
1.917E-4	0.01212
1.908E-4	0.01206
1.898E-4	0.012
1.888E-4	0.01204
1.888E-4	0.01208
1.879E-4	0.01212
1.88E-4	0.01214
1.868E-4	0.0122
1.861E-4	0.01215
1.852E-4	0.01214
1.841E-4	0.01212
1.841E-4	0.01213
1.832E-4	0.01215
1.825E-4	0.01211
1.813E-4	0.01209
1.808E-4	0.01205
1.802E-4	0.01204
1.793E-4	0.01209
1.792E-4	0.01209
1.783E-4	0.01209
1.779E-4	0.0121
1.762E-4	0.01204
1.762E-4	0.01202
1.753E-4	0.01205
1.749E-4	0.01212
1.747E-4	0.01213
1.735E-4	0.01212
1.723E-4	0.01206
1.714E-4	0.01199
1.71E-4	0.01202
1.708E-4	0.01204
1.699E-4	0.01209
1.688E-4	0.01211
1.678E-4	0.01207
1.678E-4	0.01197
1.666E-4	0.01196
1.663E-4	0.01201
1.656E-4	0.01206
1.647E-4	0.01203
1.643E-4	0.01203
1.632E-4	0.012
1.625E-4	0.01195
1.615E-4	0.01192
1.604E-4	0.01196
1.609E-4	0.01195
1.599E-4	0.01187
1.593E-4	0.01186
1.579E-4	0.01184
1.581E-4	0.01182
1.565E-4	0.01186
1.558E-4	0.01185
1.559E-4	0.01184
1.55E-4	0.01181
1.542E-4	0.01175
1.533E-4	0.01169
1.523E-4	0.01174
1.512E-4	0.01172
1.508E-4	0.01179
1.505E-4	0.01183
1.495E-4	0.01176
1.486E-4	0.01168
1.476E-4	0.01167
1.47E-4	0.01169
1.466E-4	0.01168
1.465E-4	0.01168
1.452E-4	0.01162
1.447E-4	0.01153
1.441E-4	0.0115
1.427E-4	0.01146
1.423E-4	0.01144
1.413E-4	0.01141
1.41E-4	0.01143
1.4E-4	0.01141
1.388E-4	0.01141
1.382E-4	0.01139
1.371E-4	0.01133
1.369E-4	0.01138
1.363E-4	0.01138
1.355E-4	0.01133
1.346E-4	0.01128
1.337E-4	0.01116
1.332E-4	0.01113
1.322E-4	0.01117
1.319E-4	0.01125
1.31E-4	0.01127
1.305E-4	0.01132
1.288E-4	0.01139
1.283E-4	0.01142
1.279E-4	0.01154
1.273E-4	0.01167
1.266E-4	0.01176
1.255E-4	0.01189
1.25E-4	0.012
1.241E-4	0.01204
1.229E-4	0.01216
1.231E-4	0.01228
1.222E-4	0.01243
1.223E-4	0.0126
1.213E-4	0.01266
1.207E-4	0.01276
1.195E-4	0.01281
1.191E-4	0.01284
1.186E-4	0.0129
1.177E-4	0.01297
1.177E-4	0.01301
1.161E-4	0.01303
1.158E-4	0.0131
1.148E-4	0.01313
1.143E-4	0.01319
1.136E-4	0.01321
1.128E-4	0.0133
1.13E-4	0.01328
1.117E-4	0.0132
1.111E-4	0.01319
1.106E-4	0.01326
1.101E-4	0.01341
1.09E-4	0.01354
1.085E-4	0.0135
1.077E-4	0.01337
1.071E-4	0.01329
1.068E-4	0.01329
1.059E-4	0.01331
1.058E-4	0.01335
1.05E-4	0.01335
1.045E-4	0.01323
1.04E-4	0.01312
1.027E-4	0.01312
1.026E-4	0.01309
1.016E-4	0.01315
1.011E-4	0.01317
1.004E-4	0.01317
9.95E-5	0.01304
9.93E-5	0.01295
9.82E-5	0.01294
9.78E-5	0.01293
9.71E-5	0.01297
9.65E-5	0.01283
9.51E-5	0.01276
9.49E-5	0.0127
9.43E-5	0.01266
9.32E-5	0.01264
9.34E-5	0.01256
9.2E-5	0.0125
9.15E-5	0.0124
9.07E-5	0.01231
9.03E-5	0.0122
8.93E-5	0.01223
8.83E-5	0.01213
8.87E-5	0.012
8.71E-5	0.0119
8.67E-5	0.01172
8.54E-5	0.01161
8.48E-5	0.01154
8.41E-5	0.01143
8.31E-5	0.01135
8.31E-5	0.01124
8.16E-5	0.01111
8.13E-5	0.01096
8E-5	0.0108
7.92E-5	0.01072
7.89E-5	0.01068
7.81E-5	0.01059
7.76E-5	0.01048
7.59E-5	0.0103
7.54E-5	0.0101
7.36E-5	0.00992
7.32E-5	0.00972
7.21E-5	0.00951
7.12E-5	0.00918
7.05E-5	0.00874
6.9E-5	0.00828
6.76E-5	0.00766
6.56E-5	0.00703
6.47E-5	0.00628
6.22E-5	0.0057
6.12E-5	0.00518
5.96E-5	0.0048
5.65E-5	0.00459
5.51E-5	0.00448
5.24E-5	0.00447
5.16E-5	0.00455
4.95E-5	0.0047
4.86E-5	0.00497
4.71E-5	0.00529
4.5E-5	0.00572
4.44E-5	0.00651
4.35E-5	0.00747
4.32E-5	0.009
4.23E-5	0.01093
4.18E-5	0.01333
4.12E-5	0.01563
4.11E-5	0.0175
4.09E-5	0.0192
4.03E-5	0.02062
4.03E-5	0.02185
3.95E-5	0.02241
3.96E-5	0.02268
3.89E-5	0.0231
3.82E-5	0.02322
3.81E-5	0.02341
3.78E-5	0.0238
3.76E-5	0.02392
3.73E-5	0.02388
3.68E-5	0.02394
3.6E-5	0.02405
3.64E-5	0.02406
3.57E-5	0.02393
3.56E-5	0.02415
3.52E-5	0.02436
3.47E-5	0.02428
3.45E-5	0.02416
3.44E-5	0.0243
3.36E-5	0.02437
3.39E-5	0.02443
3.28E-5	0.02439
3.28E-5	0.0243
3.24E-5	0.02416
3.23E-5	0.02421
3.18E-5	0.02438
3.19E-5	0.02458
3.18E-5	0.02469
3.13E-5	0.02485
3.07E-5	0.02477
2.98E-5	0.02464
3.02E-5	0.02464
3.03E-5	0.0246
2.95E-5	0.02475
2.94E-5	0.02486
2.91E-5	0.02488
2.88E-5	0.02486
2.81E-5	0.02477
2.73E-5	0.02464
2.75E-5	0.0248
2.74E-5	0.02494
2.67E-5	0.02473
2.64E-5	0.02469
2.6E-5	0.02472
2.59E-5	0.02464
2.5E-5	0.02466
2.55E-5	0.02476
2.46E-5	0.02502
2.41E-5	0.02494
2.42E-5	0.02491
2.41E-5	0.02509
2.37E-5	0.02511
2.32E-5	0.02512
2.27E-5	0.02491
2.21E-5	0.02487
2.18E-5	0.0249
2.18E-5	0.02482
2.19E-5	0.02487
2.08E-5	0.02509
2.08E-5	0.025
2.02E-5	0.02488
2E-5	0.02482
1.94E-5	0.02505
2E-5	0.02507
1.95E-5	0.02494
1.83E-5	0.02486
1.83E-5	0.02471
1.73E-5	0.02457
1.77E-5	0.02478
1.73E-5	0.02468
1.72E-5	0.02482
1.69E-5	0.02494
1.61E-5	0.02501
1.61E-5	0.02484
1.63E-5	0.02481
1.61E-5	0.02461
1.52E-5	0.02456
1.52E-5	0.02474
1.5E-5	0.02469
1.42E-5	0.02461
1.37E-5	0.02447
1.42E-5	0.02436
1.31E-5	0.02458
1.24E-5	0.0247
1.24E-5	0.02487
1.21E-5	0.02464
1.15E-5	0.02449
1.15E-5	0.02446
1.09E-5	0.02452
1.1E-5	0.02431
1.04E-5	0.02429
1.02E-5	0.02443
1.02E-5	0.02435
9.4E-6	0.02402
8.9E-6	0.02388
8.6E-6	0.02388
8.2E-6	0.02391
7.9E-6	0.02408
7.3E-6	0.02412
7.3E-6	0.02398
6.8E-6	0.02361
6.7E-6	0.02351
6.1E-6	0.02355
5.8E-6	0.02371
5.5E-6	0.02357
5.1E-6	0.02318
4.9E-6	0.02324
4.2E-6	0.02313
4.1E-6	0.02315
3.8E-6	0.02334
3.8E-6	0.0235
3.1E-6	0.02353
2.8E-6	0.02345
2.6E-6	0.02339
2.3E-6	0.02358
1.9E-6	0.02383
1.4E-6	0.02421
1.2E-6	0.02422
2.3E-6	0.0243
1.6E-6	0.02426
1E-6	0.02431
1.1E-6	0.02445
5E-7	0.02427
3E-7	0.02418
4E-7	0.02408
-5E-7	0.02401
-4E-7	0.0241
-6E-7	0.024
-1E-6	0.02392
-1.7E-6	0.02364
-2E-6	0.02346
-2.2E-6	0.02358
-2.9E-6	0.02352
-3E-6	0.0237
-3.5E-6	0.02367
-3.6E-6	0.02355
-4.3E-6	0.02353
-4.3E-6	0.02359
-4.8E-6	0.0239
-5.2E-6	0.02392
-4.9E-6	0.02392
-6E-6	0.02373
-6.5E-6	0.02362
-6.6E-6	0.02377
-6.8E-6	0.02386
-7E-6	0.02401
-7.3E-6	0.02409
-7.6E-6	0.02416
-8.4E-6	0.02433
-8E-6	0.02435
-9E-6	0.02445
-9.2E-6	0.02416
-1E-5	0.02416
-1.05E-5	0.02424
-1.03E-5	0.02455
-1.05E-5	0.02448
-1.08E-5	0.02439
-1.16E-5	0.02426
-1.17E-5	0.02421
-1.21E-5	0.02416
-1.19E-5	0.02413
-1.21E-5	0.02415
-1.29E-5	0.02426
-1.31E-5	0.02445
-1.36E-5	0.02468
-1.39E-5	0.02478
-1.41E-5	0.0247
-1.43E-5	0.02451
-1.5E-5	0.02444
-1.53E-5	0.02454
-1.56E-5	0.02475
-1.6E-5	0.02484
-1.61E-5	0.02502
-1.64E-5	0.02502
-1.7E-5	0.02483
-1.72E-5	0.02476
-1.74E-5	0.02477
-1.77E-5	0.02469
-1.81E-5	0.0249
-1.86E-5	0.02515
-1.9E-5	0.02497
-1.92E-5	0.02503
-1.95E-5	0.02496
-2E-5	0.02487
-2.02E-5	0.02491
-2.05E-5	0.02468
-2.1E-5	0.02494
-2.09E-5	0.02494
-2.17E-5	0.0251
-2.2E-5	0.02515
-2.21E-5	0.02522
-2.24E-5	0.02509
-2.33E-5	0.02509
-2.34E-5	0.02485
-2.36E-5	0.02501
-2.37E-5	0.02518
-2.43E-5	0.02506
-2.44E-5	0.0247
-2.48E-5	0.02467
-2.52E-5	0.02479
-2.56E-5	0.02496
-2.6E-5	0.025
-2.61E-5	0.02483
-2.64E-5	0.0247
-2.67E-5	0.02488
-2.75E-5	0.02519
-2.74E-5	0.025
-2.78E-5	0.02511
-2.78E-5	0.02507
-2.82E-5	0.02503
-2.88E-5	0.02492
-2.87E-5	0.02482
-2.94E-5	0.02475
-2.97E-5	0.02471
-3.02E-5	0.0245
-3.07E-5	0.02436
-3.07E-5	0.02439
-3.13E-5	0.02447
-3.12E-5	0.02455
-3.15E-5	0.02448
-3.21E-5	0.02442
-3.22E-5	0.02445
-3.31E-5	0.02444
-3.32E-5	0.02457
-3.35E-5	0.02478
-3.36E-5	0.02439
-3.41E-5	0.02419
-3.42E-5	0.02428
-3.48E-5	0.02414
-3.5E-5	0.02388
-3.5E-5	0.02402
-3.57E-5	0.02391
-3.59E-5	0.02376
-3.68E-5	0.02358
-3.68E-5	0.02346
-3.72E-5	0.02338
-3.73E-5	0.02325
-3.78E-5	0.02307
-3.84E-5	0.02289
-3.85E-5	0.02259
-3.94E-5	0.02212
-3.97E-5	0.02096
-4.02E-5	0.01927
-4.09E-5	0.01683
-4.08E-5	0.01461
-4.32E-5	0.01256
-4.35E-5	0.01027
-4.48E-5	0.00853
-4.66E-5	0.00712
-4.86E-5	0.00631
-4.99E-5	0.00583
-5.12E-5	0.0056
-5.35E-5	0.00546
-5.39E-5	0.0053
-5.62E-5	0.00513
-5.78E-5	0.00492
-6.09E-5	0.00476
-6.23E-5	0.00473
-6.31E-5	0.0048
-6.52E-5	0.00497
-6.61E-5	0.00534
-6.8E-5	0.00585
-6.92E-5	0.0065
-7.04E-5	0.00719
-7.08E-5	0.00791
-7.17E-5	0.00848
-7.31E-5	0.00889
-7.39E-5	0.0092
-7.49E-5	0.00949
-7.5E-5	0.00978
-7.61E-5	0.01
-7.67E-5	0.01018
-7.83E-5	0.01035
-7.91E-5	0.01047
-7.87E-5	0.01062
-8.01E-5	0.01073
-8.09E-5	0.01083
-8.22E-5	0.01088
-8.27E-5	0.011
-8.39E-5	0.01116
-8.37E-5	0.01129
-8.42E-5	0.01134
-8.57E-5	0.01144
-8.62E-5	0.01154
-8.7E-5	0.01174
-8.76E-5	0.01189
-8.82E-5	0.01191
-8.91E-5	0.01198
-8.96E-5	0.01207
-9.04E-5	0.01215
-9.1E-5	0.0123
-9.19E-5	0.01244
-9.21E-5	0.01253
-9.31E-5	0.01257
-9.41E-5	0.01265
-9.46E-5	0.0127
-9.53E-5	0.01281
-9.55E-5	0.01282
-9.66E-5	0.01284
-9.7E-5	0.01284
-9.83E-5	0.01296
-9.91E-5	0.01306
-9.96E-5	0.01313
-9.95E-5	0.01315
-1E-4	0.01314
-1.011E-4	0.01315
-1.015E-4	0.01312
-1.025E-4	0.01315
-1.032E-4	0.01321
-1.038E-4	0.01331
-1.041E-4	0.01336
-1.049E-4	0.01331
-1.056E-4	0.01331
-1.059E-4	0.01331
-1.068E-4	0.01334
-1.074E-4	0.01344
-1.082E-4	0.01335
-1.089E-4	0.01334
-1.092E-4	0.01337
-1.1E-4	0.0134
-1.104E-4	0.01341
-1.114E-4	0.01325
-1.12E-4	0.01322
-1.13E-4	0.01327
-1.132E-4	0.01335
-1.136E-4	0.01335
-1.14E-4	0.01332
-1.149E-4	0.01318
-1.161E-4	0.0131
-1.161E-4	0.01311
-1.17E-4	0.01311
-1.173E-4	0.01309
-1.185E-4	0.0131
-1.196E-4	0.01295
-1.196E-4	0.01284
-1.203E-4	0.01287
-1.208E-4	0.01281
-1.219E-4	0.01272
-1.221E-4	0.0125
-1.234E-4	0.01236
-1.241E-4	0.01217
-1.246E-4	0.01209
-1.254E-4	0.01207
-1.257E-4	0.01196
-1.268E-4	0.01182
-1.276E-4	0.01166
-1.284E-4	0.01156
-1.29E-4	0.01144
-1.294E-4	0.01141
-1.302E-4	0.01133
-1.312E-4	0.01124
-1.321E-4	0.01115
-1.327E-4	0.01111
-1.339E-4	0.01114
-1.342E-4	0.01121
-1.352E-4	0.01122
-1.356E-4	0.01119
-1.359E-4	0.01113
-1.377E-4	0.01112
-1.383E-4	0.01115
-1.392E-4	0.01123
-1.394E-4	0.01132
-1.402E-4	0.01136
-1.413E-4	0.01133
-1.417E-4	0.01133
-1.427E-4	0.01136
-1.434E-4	0.01148
-1.444E-4	0.01154
-1.449E-4	0.01149
-1.459E-4	0.01147
-1.464E-4	0.01152
-1.465E-4	0.01159
-1.477E-4	0.01162
-1.479E-4	0.01158
-1.494E-4	0.01162
-1.502E-4	0.01165
-1.512E-4	0.01171
-1.511E-4	0.01175
-1.517E-4	0.01174
-1.537E-4	0.01168
-1.535E-4	0.01167
-1.54E-4	0.01172
-1.549E-4	0.01182
-1.557E-4	0.01185
-1.562E-4	0.01183
-1.576E-4	0.01178
-1.58E-4	0.01185
-1.586E-4	0.01195
-1.593E-4	0.01201
-1.599E-4	0.012
-1.607E-4	0.01195
-1.614E-4	0.01195
-1.626E-4	0.01195
-1.632E-4	0.01197
-1.634E-4	0.01202
-1.644E-4	0.01206
-1.65E-4	0.01203
-1.658E-4	0.01199
-1.666E-4	0.01196
-1.679E-4	0.01191
-1.684E-4	0.01198
-1.682E-4	0.01207
-1.695E-4	0.01211
-1.7E-4	0.01206
-1.711E-4	0.01201
-1.715E-4	0.01201
-1.723E-4	0.01205
-1.727E-4	0.01209
-1.729E-4	0.01212
-1.744E-4	0.01211
-1.749E-4	0.01207
-1.758E-4	0.01206
-1.763E-4	0.01214
-1.772E-4	0.01218
-1.776E-4	0.01215
-1.789E-4	0.0121
-1.795E-4	0.01211
-1.797E-4	0.01215
-1.807E-4	0.01221
-1.805E-4	0.01222
-1.821E-4	0.01214
-1.828E-4	0.01204
-1.84E-4	0.01207
-1.843E-4	0.01217
-1.846E-4	0.01221
-1.854E-4	0.01221
-1.86E-4	0.01213
-1.868E-4	0.01215
-1.876E-4	0.01216
-1.886E-4	0.01217
-1.887E-4	0.01221
-1.895E-4	0.0122
-1.911E-4	0.01215
-1.908E-4	0.01208
-1.926E-4	0.01211
-1.928E-4	0.01211
-1.935E-4	0.01214
-1.94E-4	0.01214
-1.948E-4	0.01211
-1.955E-4	0.01206
-1.96E-4	0.01204
-1.972E-4	0.01207
-1.974E-4	0.01216
-1.984E-4	0.01217
-1.99E-4	0.0121
-1.998E-4	0.01198
-2.006E-4	0.01189
-2.013E-4	0.01189
-2.019E-4	0.0119
-2.024E-4	0.0119
-2.034E-4	0.01182
-2.039E-4	0.01169
-2.051E-4	0.01164
-2.061E-4	0.01162
-2.06E-4	0.01166
-2.069E-4	0.01161
-2.074E-4	0.01153
-2.087E-4	0.01143
-2.092E-4	0.01141
-2.101E-4	0.01143
-2.109E-4	0.01141
-2.11E-4	0.01137
-2.119E-4	0.01129
-2.132E-4	0.01131
-2.142E-4	0.01137
-2.142E-4	0.01145
-2.152E-4	0.01146
-2.16E-4	0.01137
-2.167E-4	0.01129
-2.177E-4	0.01128
-2.179E-4	0.01127
-2.193E-4	0.01129
-2.195E-4	0.01122
-2.203E-4	0.0111
-2.217E-4	0.01097
-2.225E-4	0.01092
-2.23E-4	0.01089
-2.234E-4	0.01087
-2.246E-4	0.01083
-2.251E-4	0.01077
-2.265E-4	0.01071
-2.27E-4	0.01068
-2.282E-4	0.01066
-2.288E-4	0.01073
-2.292E-4	0.01075
-2.296E-4	0.01078
-2.307E-4	0.01086
-2.322E-4	0.01094
-2.327E-4	0.01106
-2.335E-4	0.01119
-2.336E-4	0.01134
-2.346E-4	0.01142
-2.351E-4	0.01147
-2.363E-4	0.01157
-2.372E-4	0.0116
-2.375E-4	0.0117
-2.387E-4	0.01185
-2.386E-4	0.01194
-2.392E-4	0.01196
-2.403E-4	0.01198
-2.413E-4	0.01201
-2.421E-4	0.01202
-2.423E-4	0.01207
-2.434E-4	0.01214
-2.438E-4	0.01212
-2.443E-4	0.0121
-2.46E-4	0.01217
-2.454E-4	0.01228
-2.466E-4	0.01234
-2.472E-4	0.01233
-2.482E-4	0.01224
-2.491E-4	0.01222
-2.497E-4	0.01226
-2.5E-4	0.01236
-2.511E-4	0.01235
-2.517E-4	0.01229
-2.523E-4	0.01226
-2.532E-4	0.01231
-2.539E-4	0.01241
-2.544E-4	0.01246
-2.549E-4	0.01245
-2.554E-4	0.01242
-2.57E-4	0.0124
-2.567E-4	0.01246
-2.579E-4	0.0125
-2.587E-4	0.01244
-2.596E-4	0.01245
-2.597E-4	0.01245
-2.604E-4	0.01251
-2.611E-4	0.01254
-2.616E-4	0.01252
-2.627E-4	0.01247
-2.634E-4	0.01249
-2.64E-4	0.01258
-2.643E-4	0.01259
-2.646E-4	0.01256
-2.661E-4	0.01253
-2.666E-4	0.01253
-2.674E-4	0.01252
-2.678E-4	0.01258
-2.684E-4	0.01265
-2.691E-4	0.01253
-2.701E-4	0.01251
-2.707E-4	0.01257
-2.715E-4	0.01258
-2.722E-4	0.01261
-2.723E-4	0.01262
-2.733E-4	0.0126
-2.739E-4	0.01262
-2.748E-4	0.0126
-2.752E-4	0.01261
-2.759E-4	0.01268
-2.766E-4	0.01272
-2.768E-4	0.01266
-2.78E-4	0.0126
-2.787E-4	0.01263
-2.796E-4	0.01269
-2.801E-4	0.01271
-2.805E-4	0.0126
-2.813E-4	0.01256
-2.818E-4	0.01255
-2.834E-4	0.0126
-2.833E-4	0.01273
-2.841E-4	0.01274
-2.847E-4	0.01271
-2.862E-4	0.01269
-2.863E-4	0.01272
-2.866E-4	0.01272
-2.877E-4	0.01279
-2.874E-4	0.0128
-2.891E-4	0.01271
-2.896E-4	0.01267
-2.901E-4	0.01273
-2.909E-4	0.01279
-2.911E-4	0.01278
-2.923E-4	0.01276
-2.921E-4	0.01269
-2.936E-4	0.01273
-2.941E-4	0.01279
-2.949E-4	0.01281
-2.953E-4	0.01277
-2.962E-4	0.0127
-2.973E-4	0.01269
-2.972E-4	0.01278
-2.981E-4	0.01279
-2.993E-4	0.01279
-2.996E-4	0.01275
-3.001E-4	0.01272
-3.005E-4	0.01274
-3.014E-4	0.01275
-3.018E-4	0.01268
-3.033E-4	0.0126
-3.036E-4	0.0126
-3.041E-4	0.01271
-3.048E-4	0.01282
-3.052E-4	0.01278
-3.063E-4	0.0127
-3.067E-4	0.01274
-3.079E-4	0.01274
-3.075E-4	0.01277
-3.089E-4	0.01275
-3.095E-4	0.01274
-3.104E-4	0.01262
-3.111E-4	0.01262
-3.111E-4	0.0127
-3.125E-4	0.01279
-3.126E-4	0.01282
-3.136E-4	0.01281
-3.146E-4	0.01278
-3.154E-4	0.01283
-3.156E-4	0.01288
-3.16E-4	0.01283
-3.17E-4	0.01271
-3.175E-4	0.01263
-3.185E-4	0.01268
-3.194E-4	0.01281
-3.197E-4	0.01283
-3.201E-4	0.0128
-3.2E-4	0.01267
