A	B
1.822E-4	0.01212
1.82E-4	0.0121
1.808E-4	0.01208
1.804E-4	0.01206
1.792E-4	0.01198
1.78E-4	0.01202
1.786E-4	0.01203
1.775E-4	0.01206
1.773E-4	0.01209
1.76E-4	0.0121
1.752E-4	0.01207
1.746E-4	0.01209
1.741E-4	0.01213
1.734E-4	0.01208
1.72E-4	0.01201
1.722E-4	0.01201
1.707E-4	0.01203
1.705E-4	0.01202
1.706E-4	0.01204
1.69E-4	0.01203
1.684E-4	0.01204
1.677E-4	0.01198
1.668E-4	0.01201
1.662E-4	0.01197
1.656E-4	0.01194
1.646E-4	0.01194
1.639E-4	0.01194
1.637E-4	0.01192
1.624E-4	0.01196
1.622E-4	0.01195
1.612E-4	0.01194
1.606E-4	0.01186
1.598E-4	0.01189
1.591E-4	0.01188
1.586E-4	0.01184
1.578E-4	0.01183
1.571E-4	0.01184
1.565E-4	0.01188
1.558E-4	0.01185
1.546E-4	0.01188
1.544E-4	0.01184
1.536E-4	0.01187
1.524E-4	0.01179
1.522E-4	0.01177
1.513E-4	0.01173
1.51E-4	0.0117
1.498E-4	0.01168
1.491E-4	0.01165
1.479E-4	0.01167
1.48E-4	0.01158
1.467E-4	0.01162
1.463E-4	0.01169
1.459E-4	0.0116
1.443E-4	0.01157
1.44E-4	0.01156
1.432E-4	0.01154
1.423E-4	0.01145
1.421E-4	0.01141
1.412E-4	0.01138
1.402E-4	0.01141
1.396E-4	0.01135
1.384E-4	0.01134
1.378E-4	0.01133
1.372E-4	0.01122
1.364E-4	0.01124
1.357E-4	0.01126
1.35E-4	0.0112
1.338E-4	0.01118
1.34E-4	0.01115
1.321E-4	0.01112
1.316E-4	0.01109
1.312E-4	0.01109
1.304E-4	0.01116
1.296E-4	0.01125
1.29E-4	0.01134
1.281E-4	0.01143
1.27E-4	0.01153
1.27E-4	0.01163
1.262E-4	0.01166
1.252E-4	0.01177
1.248E-4	0.0119
1.236E-4	0.01203
1.234E-4	0.0121
1.223E-4	0.01216
1.218E-4	0.01233
1.215E-4	0.01244
1.205E-4	0.01254
1.198E-4	0.01263
1.195E-4	0.01273
1.187E-4	0.01283
1.177E-4	0.01297
1.174E-4	0.01303
1.165E-4	0.01306
1.162E-4	0.01309
1.155E-4	0.01317
1.141E-4	0.01326
1.143E-4	0.01333
1.133E-4	0.01332
1.132E-4	0.01338
1.122E-4	0.01335
1.113E-4	0.01333
1.109E-4	0.01342
1.102E-4	0.01336
1.094E-4	0.01332
1.093E-4	0.01337
1.085E-4	0.01345
1.072E-4	0.01343
1.071E-4	0.01332
1.065E-4	0.0134
1.054E-4	0.0134
1.054E-4	0.01328
1.044E-4	0.01342
1.038E-4	0.0134
1.028E-4	0.01338
1.029E-4	0.01329
1.015E-4	0.0132
1.012E-4	0.01322
1.007E-4	0.0132
9.95E-5	0.01321
9.87E-5	0.01325
9.78E-5	0.01317
9.76E-5	0.01309
9.77E-5	0.01304
9.63E-5	0.01296
9.57E-5	0.01291
9.52E-5	0.01283
9.49E-5	0.01281
9.39E-5	0.01285
9.35E-5	0.01271
9.31E-5	0.01264
9.22E-5	0.01261
9.14E-5	0.01253
9.05E-5	0.01247
9.02E-5	0.01239
8.91E-5	0.01225
8.83E-5	0.01215
8.83E-5	0.01206
8.69E-5	0.01198
8.63E-5	0.01188
8.55E-5	0.01172
8.49E-5	0.0116
8.39E-5	0.01152
8.36E-5	0.01138
8.31E-5	0.01132
8.18E-5	0.01131
8.15E-5	0.01119
8.02E-5	0.011
7.98E-5	0.01087
7.85E-5	0.01075
7.76E-5	0.01059
7.75E-5	0.01053
7.63E-5	0.01038
7.55E-5	0.01026
7.46E-5	0.01014
7.32E-5	0.00988
7.23E-5	0.0097
7.21E-5	0.00939
7.06E-5	0.00907
6.98E-5	0.00869
6.89E-5	0.00825
6.69E-5	0.00777
6.65E-5	0.00714
6.46E-5	0.0066
6.3E-5	0.00613
6.16E-5	0.00576
5.94E-5	0.00541
5.85E-5	0.00515
5.66E-5	0.00495
5.51E-5	0.00473
5.21E-5	0.00458
5.19E-5	0.00451
4.88E-5	0.00464
4.82E-5	0.005
4.76E-5	0.00553
4.57E-5	0.0061
4.51E-5	0.00677
4.37E-5	0.00752
4.31E-5	0.00853
4.21E-5	0.00959
4.18E-5	0.0115
4.13E-5	0.01345
4.05E-5	0.01511
4.02E-5	0.01757
3.94E-5	0.01934
3.95E-5	0.02099
3.87E-5	0.02227
3.86E-5	0.02263
3.87E-5	0.02303
3.79E-5	0.02364
3.79E-5	0.02334
3.69E-5	0.02391
3.68E-5	0.02416
3.64E-5	0.02416
3.63E-5	0.02444
3.62E-5	0.02476
3.51E-5	0.02454
3.51E-5	0.02478
3.46E-5	0.02521
3.45E-5	0.02501
3.36E-5	0.02495
3.34E-5	0.02518
3.32E-5	0.02505
3.25E-5	0.02522
3.26E-5	0.02538
3.2E-5	0.02523
3.17E-5	0.02538
3.15E-5	0.02558
3.11E-5	0.02554
3.08E-5	0.02559
3.01E-5	0.02593
3.02E-5	0.02606
2.96E-5	0.0262
2.95E-5	0.02625
2.93E-5	0.02592
2.87E-5	0.02583
2.82E-5	0.02612
2.84E-5	0.02612
2.79E-5	0.02614
2.73E-5	0.02607
2.7E-5	0.02615
2.67E-5	0.02641
2.67E-5	0.02638
2.62E-5	0.02629
2.64E-5	0.02596
2.58E-5	0.0258
2.48E-5	0.02597
2.51E-5	0.02622
2.44E-5	0.02612
2.47E-5	0.02611
2.39E-5	0.0262
2.35E-5	0.02647
2.31E-5	0.02665
2.28E-5	0.02659
2.34E-5	0.02656
2.24E-5	0.02692
2.21E-5	0.02674
2.19E-5	0.02665
2.09E-5	0.02649
2.11E-5	0.02654
2.09E-5	0.02621
2.01E-5	0.02625
1.97E-5	0.02628
1.97E-5	0.02633
1.93E-5	0.02624
1.91E-5	0.02619
1.88E-5	0.02616
1.86E-5	0.0263
1.79E-5	0.02632
1.73E-5	0.02637
1.75E-5	0.0262
1.71E-5	0.02603
1.65E-5	0.02608
1.63E-5	0.0259
1.59E-5	0.02565
1.57E-5	0.02574
1.53E-5	0.02599
1.51E-5	0.02587
1.45E-5	0.02584
1.47E-5	0.02592
1.39E-5	0.02568
1.37E-5	0.02571
1.34E-5	0.02577
1.28E-5	0.02584
1.28E-5	0.02583
1.24E-5	0.02549
1.23E-5	0.02533
1.15E-5	0.02537
1.14E-5	0.02536
1.09E-5	0.02561
1.03E-5	0.02532
1.03E-5	0.02483
9.8E-6	0.02492
9.8E-6	0.02495
9.3E-6	0.02479
8.6E-6	0.02448
8.4E-6	0.02424
8.3E-6	0.0239
8.1E-6	0.0237
7.1E-6	0.02341
7.1E-6	0.02295
6.7E-6	0.02247
6.7E-6	0.02217
5.7E-6	0.02209
5.8E-6	0.02203
5.6E-6	0.02178
4.8E-6	0.02175
4.7E-6	0.02183
4E-6	0.0224
3.7E-6	0.02276
3.4E-6	0.02315
2.8E-6	0.02395
2.7E-6	0.02509
1.9E-6	0.02661
1.8E-6	0.02868
1.8E-6	0.03032
2E-6	0.03257
1.6E-6	0.03607
1.2E-6	0.03806
7E-7	0.04087
1.3E-6	0.04402
6E-7	0.04649
7E-7	0.04744
1.2E-6	0.04776
8E-7	0.04748
3E-7	0.04772
0	0.04735
1E-7	0.04537
0	0.04447
-2E-7	0.04244
-5E-7	0.03916
-5E-7	0.03653
-8E-7	0.03387
-2E-6	0.03143
-1.7E-6	0.02864
-1.8E-6	0.02658
-2.6E-6	0.02545
-2.4E-6	0.02421
-3E-6	0.02318
-3.7E-6	0.02257
-3.9E-6	0.02211
-4.6E-6	0.022
-4.6E-6	0.02197
-5.1E-6	0.02185
-5.4E-6	0.02214
-6E-6	0.02253
-6.3E-6	0.02268
-6.9E-6	0.02275
-6.9E-6	0.02301
-7.2E-6	0.02321
-7.5E-6	0.02357
-7.8E-6	0.02391
-8.3E-6	0.02406
-8.7E-6	0.02418
-8.8E-6	0.0243
-9.4E-6	0.02469
-9.7E-6	0.02484
-1.01E-5	0.02495
-1.05E-5	0.02504
-1.06E-5	0.02514
-1.1E-5	0.02545
-1.16E-5	0.0256
-1.15E-5	0.02562
-1.24E-5	0.02561
-1.21E-5	0.0257
-1.25E-5	0.02574
-1.32E-5	0.02562
-1.32E-5	0.02581
-1.36E-5	0.02607
-1.4E-5	0.02635
-1.45E-5	0.02619
-1.45E-5	0.02634
-1.48E-5	0.02621
-1.56E-5	0.02625
-1.55E-5	0.02618
-1.6E-5	0.02624
-1.62E-5	0.02618
-1.66E-5	0.02614
-1.68E-5	0.02605
-1.74E-5	0.02625
-1.76E-5	0.02635
-1.77E-5	0.02646
-1.84E-5	0.02635
-1.82E-5	0.02609
-1.91E-5	0.02602
-1.88E-5	0.02633
-1.96E-5	0.0262
-1.99E-5	0.0263
-1.96E-5	0.02629
-2E-5	0.02646
-2.07E-5	0.02655
-2.1E-5	0.02647
-2.14E-5	0.02666
-2.19E-5	0.02649
-2.18E-5	0.02639
-2.23E-5	0.02644
-2.29E-5	0.02666
-2.31E-5	0.02646
-2.34E-5	0.02633
-2.34E-5	0.02615
-2.38E-5	0.02588
-2.42E-5	0.02604
-2.48E-5	0.02624
-2.51E-5	0.02622
-2.52E-5	0.02618
-2.58E-5	0.02634
-2.61E-5	0.02651
-2.65E-5	0.02633
-2.65E-5	0.02599
-2.68E-5	0.02615
-2.75E-5	0.02592
-2.7E-5	0.02574
-2.8E-5	0.0256
-2.88E-5	0.02578
-2.88E-5	0.02596
-2.9E-5	0.02593
-2.94E-5	0.02574
-2.97E-5	0.02583
-2.99E-5	0.02583
-3.06E-5	0.02564
-3.06E-5	0.02568
-3.14E-5	0.02576
-3.2E-5	0.02565
-3.17E-5	0.02557
-3.21E-5	0.02547
-3.22E-5	0.02508
-3.29E-5	0.02515
-3.3E-5	0.0252
-3.32E-5	0.02515
-3.39E-5	0.02524
-3.42E-5	0.0251
-3.45E-5	0.0247
-3.44E-5	0.02487
-3.51E-5	0.02447
-3.53E-5	0.0245
-3.61E-5	0.0244
-3.6E-5	0.02435
-3.69E-5	0.02362
-3.69E-5	0.02352
-3.74E-5	0.02306
-3.78E-5	0.0224
-3.8E-5	0.02212
-3.86E-5	0.02154
-3.94E-5	0.02023
-4E-5	0.0192
-4.01E-5	0.01712
-4.17E-5	0.01503
-4.2E-5	0.01283
-4.3E-5	0.01104
-4.44E-5	0.00977
-4.48E-5	0.00881
-4.65E-5	0.00789
-4.82E-5	0.00689
-4.99E-5	0.00608
-5.1E-5	0.00541
-5.27E-5	0.005
-5.44E-5	0.00477
-5.61E-5	0.00466
-5.86E-5	0.00472
-5.9E-5	0.00485
-6.19E-5	0.00501
-6.27E-5	0.00526
-6.35E-5	0.00548
-6.56E-5	0.0057
-6.61E-5	0.0061
-6.76E-5	0.00656
-6.85E-5	0.00718
-6.96E-5	0.0077
-7.04E-5	0.0082
-7.25E-5	0.00866
-7.27E-5	0.00907
-7.31E-5	0.00937
-7.45E-5	0.00962
-7.51E-5	0.00983
-7.61E-5	0.00994
-7.68E-5	0.01014
-7.78E-5	0.01031
-7.83E-5	0.01047
-7.88E-5	0.01057
-8.01E-5	0.01067
-8.03E-5	0.01083
-8.19E-5	0.01101
-8.19E-5	0.01112
-8.29E-5	0.01118
-8.37E-5	0.01129
-8.39E-5	0.01143
-8.51E-5	0.01153
-8.56E-5	0.01166
-8.67E-5	0.01167
-8.68E-5	0.01176
-8.87E-5	0.0119
-8.84E-5	0.01202
-8.9E-5	0.01214
-8.99E-5	0.01226
-9.06E-5	0.01235
-9.17E-5	0.01247
-9.22E-5	0.01255
-9.29E-5	0.01263
-9.35E-5	0.01265
-9.46E-5	0.01273
-9.49E-5	0.0128
-9.56E-5	0.01275
-9.62E-5	0.0128
-9.63E-5	0.01285
-9.74E-5	0.0129
-9.85E-5	0.01297
-9.89E-5	0.01309
-9.93E-5	0.01304
-1.001E-4	0.01306
-1.008E-4	0.01313
-1.008E-4	0.01317
-1.023E-4	0.01326
-1.025E-4	0.0133
-1.035E-4	0.01329
-1.043E-4	0.01334
-1.045E-4	0.01327
-1.051E-4	0.01328
-1.056E-4	0.01332
-1.064E-4	0.01336
-1.075E-4	0.01336
-1.08E-4	0.01332
-1.083E-4	0.0133
-1.086E-4	0.01328
-1.095E-4	0.01328
-1.1E-4	0.01321
-1.113E-4	0.01326
-1.113E-4	0.01322
-1.121E-4	0.01322
-1.13E-4	0.01323
-1.134E-4	0.01321
-1.141E-4	0.01316
-1.145E-4	0.01313
-1.153E-4	0.01315
-1.159E-4	0.01318
-1.168E-4	0.01315
-1.171E-4	0.01297
-1.186E-4	0.01288
-1.183E-4	0.01289
-1.191E-4	0.01283
-1.199E-4	0.01279
-1.204E-4	0.01269
-1.214E-4	0.01259
-1.224E-4	0.01253
-1.229E-4	0.0125
-1.236E-4	0.01237
-1.242E-4	0.01216
-1.252E-4	0.01203
-1.258E-4	0.01195
-1.266E-4	0.01185
-1.271E-4	0.01171
-1.278E-4	0.01161
-1.285E-4	0.01152
-1.292E-4	0.01141
-1.297E-4	0.01135
-1.302E-4	0.01127
-1.319E-4	0.01117
-1.321E-4	0.01117
-1.333E-4	0.01118
-1.338E-4	0.01121
-1.349E-4	0.01113
-1.351E-4	0.01114
-1.361E-4	0.01118
-1.366E-4	0.01117
-1.375E-4	0.01116
-1.38E-4	0.01123
-1.393E-4	0.01128
-1.399E-4	0.01126
-1.405E-4	0.01132
-1.406E-4	0.01136
-1.426E-4	0.01141
-1.426E-4	0.01148
-1.436E-4	0.01146
-1.443E-4	0.01145
-1.451E-4	0.0115
-1.457E-4	0.01154
-1.467E-4	0.0116
-1.473E-4	0.01162
-1.475E-4	0.0116
-1.487E-4	0.01164
-1.492E-4	0.01165
-1.503E-4	0.01168
-1.511E-4	0.01169
-1.513E-4	0.01174
-1.527E-4	0.01176
-1.53E-4	0.01177
-1.538E-4	0.01175
-1.547E-4	0.01181
-1.555E-4	0.01182
-1.557E-4	0.01186
-1.568E-4	0.0118
-1.575E-4	0.01183
-1.578E-4	0.01185
-1.592E-4	0.01179
-1.598E-4	0.01185
-1.602E-4	0.01186
-1.611E-4	0.01189
-1.619E-4	0.01197
-1.619E-4	0.0119
-1.624E-4	0.0119
-1.644E-4	0.01192
-1.644E-4	0.01196
-1.654E-4	0.01194
-1.662E-4	0.01199
-1.664E-4	0.01199
-1.673E-4	0.012
-1.683E-4	0.01202
-1.689E-4	0.01202
-1.688E-4	0.01201
-1.705E-4	0.01205
-1.71E-4	0.01191
-1.716E-4	0.01192
-1.724E-4	0.01196
-1.728E-4	0.012
-1.735E-4	0.01203
-1.748E-4	0.012
-1.752E-4	0.01203
-1.756E-4	0.01208
-1.768E-4	0.01206
-1.77E-4	0.01203
-1.781E-4	0.01208
-1.788E-4	0.01209
-1.787E-4	0.01215
