A	B
1.827E-4	0.0121
1.816E-4	0.01209
1.809E-4	0.01209
1.804E-4	0.01207
1.791E-4	0.01209
1.794E-4	0.01212
1.788E-4	0.01211
1.776E-4	0.01213
1.771E-4	0.01202
1.763E-4	0.01191
1.758E-4	0.01199
1.749E-4	0.01199
1.742E-4	0.0119
1.734E-4	0.01196
1.728E-4	0.01201
1.723E-4	0.01207
1.708E-4	0.01207
1.707E-4	0.01197
1.694E-4	0.01193
1.686E-4	0.01202
1.686E-4	0.01201
1.677E-4	0.01202
1.67E-4	0.01202
1.662E-4	0.01196
1.656E-4	0.01201
1.648E-4	0.01202
1.647E-4	0.01196
1.633E-4	0.01195
1.625E-4	0.01193
1.622E-4	0.01192
1.608E-4	0.01188
1.607E-4	0.0119
1.598E-4	0.01179
1.58E-4	0.01185
1.585E-4	0.01187
1.579E-4	0.01186
1.568E-4	0.0119
1.559E-4	0.01184
1.556E-4	0.01183
1.544E-4	0.01175
1.542E-4	0.01175
1.535E-4	0.01179
1.527E-4	0.01175
1.521E-4	0.01176
1.508E-4	0.01171
1.504E-4	0.01167
1.494E-4	0.01162
1.486E-4	0.01161
1.48E-4	0.01165
1.479E-4	0.01162
1.463E-4	0.01162
1.462E-4	0.01161
1.456E-4	0.01159
1.443E-4	0.01153
1.441E-4	0.01152
1.431E-4	0.01155
1.425E-4	0.01156
1.419E-4	0.01155
1.412E-4	0.01148
1.401E-4	0.01141
1.395E-4	0.01137
1.388E-4	0.01135
1.38E-4	0.01133
1.376E-4	0.01128
1.363E-4	0.01128
1.358E-4	0.01123
1.352E-4	0.01117
1.337E-4	0.01116
1.337E-4	0.01117
1.323E-4	0.01119
1.32E-4	0.01122
1.314E-4	0.01116
1.303E-4	0.01123
1.302E-4	0.01131
1.287E-4	0.01137
1.28E-4	0.01143
1.274E-4	0.01151
1.267E-4	0.01158
1.259E-4	0.0116
1.257E-4	0.01176
1.248E-4	0.01193
1.234E-4	0.0121
1.235E-4	0.01218
1.224E-4	0.01227
1.215E-4	0.01244
1.213E-4	0.01249
1.201E-4	0.01258
1.198E-4	0.0127
1.192E-4	0.0128
1.185E-4	0.01283
1.175E-4	0.0129
1.174E-4	0.01294
1.166E-4	0.01305
1.156E-4	0.01309
1.155E-4	0.01305
1.145E-4	0.01311
1.141E-4	0.01328
1.134E-4	0.01323
1.126E-4	0.0132
1.118E-4	0.01328
1.116E-4	0.01334
1.108E-4	0.01335
1.102E-4	0.01329
1.098E-4	0.01335
1.087E-4	0.01338
1.085E-4	0.01342
1.076E-4	0.01341
1.068E-4	0.01342
1.065E-4	0.01334
1.058E-4	0.01329
1.052E-4	0.01334
1.046E-4	0.01336
1.036E-4	0.01332
1.031E-4	0.01337
1.027E-4	0.01322
1.021E-4	0.01319
1.011E-4	0.01318
1.009E-4	0.01314
9.96E-5	0.0131
9.9E-5	0.01301
9.88E-5	0.01299
9.8E-5	0.01298
9.72E-5	0.01303
9.69E-5	0.013
9.61E-5	0.013
9.51E-5	0.01291
9.51E-5	0.0128
9.38E-5	0.01274
9.34E-5	0.01272
9.26E-5	0.01263
9.17E-5	0.01261
9.14E-5	0.01256
9.06E-5	0.01245
8.98E-5	0.0124
8.89E-5	0.01232
8.83E-5	0.01216
8.78E-5	0.01207
8.74E-5	0.01201
8.63E-5	0.01189
8.53E-5	0.01181
8.5E-5	0.0117
8.38E-5	0.01159
8.31E-5	0.01147
8.3E-5	0.01133
8.15E-5	0.01118
8.13E-5	0.0111
8.01E-5	0.01105
7.92E-5	0.01087
7.83E-5	0.01072
7.79E-5	0.01061
7.66E-5	0.01048
7.64E-5	0.01031
7.55E-5	0.01017
7.42E-5	0.01004
7.36E-5	0.00981
7.22E-5	0.0096
7.15E-5	0.00939
7.05E-5	0.00906
6.93E-5	0.00862
6.89E-5	0.0082
6.7E-5	0.0078
6.58E-5	0.00722
6.44E-5	0.00667
6.32E-5	0.00616
6.06E-5	0.00582
6E-5	0.00546
5.88E-5	0.00521
5.58E-5	0.00504
5.57E-5	0.00481
5.23E-5	0.00467
5.15E-5	0.00465
4.98E-5	0.00478
4.79E-5	0.00514
4.74E-5	0.00552
4.61E-5	0.00595
4.47E-5	0.00672
4.38E-5	0.00742
4.35E-5	0.00848
4.21E-5	0.0097
4.19E-5	0.0111
4.19E-5	0.01273
4.05E-5	0.01469
4.02E-5	0.01654
3.97E-5	0.01827
3.94E-5	0.02024
3.88E-5	0.0213
3.84E-5	0.02232
3.83E-5	0.02306
3.78E-5	0.02318
3.75E-5	0.02377
3.66E-5	0.02429
3.71E-5	0.02407
3.6E-5	0.02406
3.6E-5	0.02413
3.57E-5	0.02425
3.52E-5	0.02503
3.47E-5	0.02537
3.47E-5	0.02515
3.4E-5	0.02508
3.36E-5	0.02485
3.35E-5	0.02495
3.28E-5	0.02539
3.28E-5	0.02533
3.25E-5	0.02533
3.2E-5	0.02548
3.2E-5	0.02557
3.14E-5	0.02577
3.1E-5	0.0259
3.1E-5	0.02574
3.06E-5	0.02602
3.01E-5	0.02615
2.95E-5	0.0259
2.95E-5	0.02595
2.9E-5	0.02612
2.87E-5	0.02617
2.83E-5	0.02662
2.81E-5	0.02633
2.79E-5	0.02625
2.76E-5	0.0262
2.69E-5	0.02627
2.66E-5	0.02614
2.66E-5	0.02613
2.59E-5	0.02617
2.57E-5	0.02638
2.58E-5	0.02648
2.5E-5	0.02643
2.5E-5	0.02619
2.44E-5	0.02599
2.4E-5	0.02609
2.36E-5	0.02653
2.33E-5	0.0268
2.27E-5	0.02694
2.3E-5	0.02683
2.3E-5	0.02655
2.2E-5	0.02648
2.2E-5	0.02648
2.13E-5	0.02639
2.13E-5	0.02629
2.09E-5	0.02619
2.03E-5	0.02638
2.03E-5	0.02642
1.99E-5	0.02652
1.95E-5	0.02659
1.94E-5	0.02649
1.91E-5	0.02627
1.85E-5	0.02627
1.83E-5	0.02632
1.8E-5	0.02634
1.73E-5	0.02617
1.76E-5	0.02616
1.67E-5	0.02633
1.67E-5	0.02678
1.66E-5	0.02645
1.57E-5	0.02633
1.56E-5	0.02635
1.53E-5	0.02646
1.44E-5	0.02623
1.43E-5	0.026
1.42E-5	0.02601
1.36E-5	0.02614
1.33E-5	0.02601
1.33E-5	0.02604
1.25E-5	0.02615
1.24E-5	0.0257
1.2E-5	0.02547
1.21E-5	0.02527
1.15E-5	0.02535
1.1E-5	0.02532
1.12E-5	0.02525
1.07E-5	0.02515
1.04E-5	0.02518
1E-5	0.02508
9.7E-6	0.02506
9.1E-6	0.0248
8.8E-6	0.02435
8.2E-6	0.02421
8.1E-6	0.02426
8.1E-6	0.02375
7.4E-6	0.02356
7.3E-6	0.02325
6.7E-6	0.02297
5.8E-6	0.02244
6.2E-6	0.02185
5.8E-6	0.02183
5.1E-6	0.02181
4.8E-6	0.02167
4.4E-6	0.02185
3.8E-6	0.02218
3.9E-6	0.02256
3.7E-6	0.02343
2.8E-6	0.02414
2.7E-6	0.02517
2.4E-6	0.0267
2.1E-6	0.02871
1.8E-6	0.03073
2.2E-6	0.03389
1.9E-6	0.03689
1.4E-6	0.03893
4E-7	0.04206
9E-7	0.04414
6E-7	0.04571
9E-7	0.04742
1.3E-6	0.04646
5E-7	0.04695
4E-7	0.04791
0	0.0481
-1E-7	0.04649
-4E-7	0.04529
-2E-7	0.04279
-2E-7	0.03867
-1E-6	0.03495
-7E-7	0.03229
-1.4E-6	0.03015
-1.7E-6	0.02789
-1.9E-6	0.02666
-2.1E-6	0.02546
-2.5E-6	0.02444
-3.4E-6	0.02334
-3.6E-6	0.02264
-4.1E-6	0.0223
-4.2E-6	0.02201
-4.4E-6	0.02184
-5.5E-6	0.02227
-5.3E-6	0.02217
-5.7E-6	0.02234
-6.3E-6	0.02268
-6.4E-6	0.02297
-6.6E-6	0.02308
-7.5E-6	0.02329
-7.5E-6	0.02375
-8E-6	0.02416
-8E-6	0.02455
-9E-6	0.0245
-9.2E-6	0.02471
-9.3E-6	0.02486
-9.5E-6	0.02469
-1.03E-5	0.0249
-1E-5	0.02525
-1.1E-5	0.02531
-1.09E-5	0.02543
-1.14E-5	0.02528
-1.13E-5	0.02538
-1.2E-5	0.02558
-1.25E-5	0.02568
-1.26E-5	0.02565
-1.28E-5	0.02574
-1.33E-5	0.02602
-1.36E-5	0.02598
-1.38E-5	0.02605
-1.42E-5	0.0258
-1.46E-5	0.02593
-1.47E-5	0.02611
-1.48E-5	0.02638
-1.54E-5	0.02634
-1.59E-5	0.02624
-1.55E-5	0.02612
-1.67E-5	0.02607
-1.68E-5	0.02615
-1.71E-5	0.02594
-1.72E-5	0.02629
-1.8E-5	0.02635
-1.85E-5	0.02639
-1.84E-5	0.02636
-1.87E-5	0.02635
-1.88E-5	0.02623
-1.99E-5	0.02626
-1.98E-5	0.02624
-1.99E-5	0.02639
-2.04E-5	0.02649
-2.07E-5	0.02632
-2.11E-5	0.02631
-2.15E-5	0.02637
-2.17E-5	0.02661
-2.18E-5	0.02647
-2.26E-5	0.02643
-2.28E-5	0.02641
-2.27E-5	0.02631
-2.33E-5	0.02642
-2.37E-5	0.02633
-2.42E-5	0.02628
-2.45E-5	0.02683
-2.46E-5	0.02699
-2.5E-5	0.02646
-2.55E-5	0.0263
-2.58E-5	0.0263
-2.6E-5	0.02642
-2.65E-5	0.02674
-2.66E-5	0.02657
-2.73E-5	0.02617
-2.72E-5	0.02602
-2.71E-5	0.02602
-2.83E-5	0.02605
-2.81E-5	0.02596
-2.88E-5	0.02584
-2.88E-5	0.02581
-2.98E-5	0.02563
-2.94E-5	0.02582
-2.98E-5	0.02579
-3.03E-5	0.02581
-3.05E-5	0.02565
-3.08E-5	0.02544
-3.14E-5	0.02531
-3.16E-5	0.02536
-3.18E-5	0.02512
-3.22E-5	0.02511
-3.26E-5	0.0252
-3.29E-5	0.02502
-3.35E-5	0.02514
-3.35E-5	0.02533
-3.43E-5	0.02516
-3.43E-5	0.02499
-3.45E-5	0.0247
-3.57E-5	0.02446
-3.53E-5	0.02436
-3.57E-5	0.02425
-3.65E-5	0.0238
-3.67E-5	0.02368
-3.69E-5	0.02369
-3.78E-5	0.02333
-3.77E-5	0.02302
-3.8E-5	0.02242
-3.88E-5	0.02157
-3.93E-5	0.02053
-3.97E-5	0.01916
-4.08E-5	0.01669
-4.13E-5	0.01484
-4.18E-5	0.01218
-4.29E-5	0.01044
-4.42E-5	0.00953
-4.52E-5	0.00844
-4.71E-5	0.00764
-4.75E-5	0.00682
-5.04E-5	0.00597
-5.15E-5	0.00537
-5.2E-5	0.00498
-5.53E-5	0.00475
-5.56E-5	0.00469
-5.87E-5	0.0047
-6.01E-5	0.00488
-6.15E-5	0.00506
-6.27E-5	0.00526
-6.36E-5	0.00548
-6.51E-5	0.00572
-6.57E-5	0.00617
-6.81E-5	0.00662
-6.79E-5	0.00719
-7.01E-5	0.00774
-7.07E-5	0.00831
-7.16E-5	0.0087
-7.25E-5	0.00906
-7.33E-5	0.00938
-7.41E-5	0.00959
-7.5E-5	0.0098
-7.58E-5	0.00997
-7.66E-5	0.01019
-7.82E-5	0.01038
-7.87E-5	0.01053
-7.88E-5	0.01058
-8.01E-5	0.01068
-8.07E-5	0.01081
-8.18E-5	0.01095
-8.2E-5	0.01117
-8.32E-5	0.01129
-8.33E-5	0.01131
-8.42E-5	0.01144
-8.52E-5	0.01149
-8.53E-5	0.01157
-8.66E-5	0.01171
-8.68E-5	0.01191
-8.78E-5	0.01192
-8.83E-5	0.01208
-8.93E-5	0.01221
-9.03E-5	0.01226
-9.05E-5	0.01233
-9.19E-5	0.01242
-9.19E-5	0.01244
-9.36E-5	0.01257
-9.33E-5	0.01269
-9.43E-5	0.01272
-9.49E-5	0.01279
-9.45E-5	0.01288
-9.63E-5	0.01284
-9.7E-5	0.01291
-9.73E-5	0.01297
-9.81E-5	0.01299
-9.92E-5	0.013
-9.9E-5	0.01302
-9.99E-5	0.01308
-1.01E-4	0.01315
-1.014E-4	0.01324
-1.021E-4	0.01321
-1.027E-4	0.01323
-1.033E-4	0.01319
-1.04E-4	0.01322
-1.046E-4	0.01321
-1.049E-4	0.01328
-1.06E-4	0.01336
-1.065E-4	0.0133
-1.065E-4	0.01326
-1.081E-4	0.01334
-1.085E-4	0.01337
-1.088E-4	0.01334
-1.097E-4	0.01333
-1.097E-4	0.01331
-1.111E-4	0.01334
-1.115E-4	0.01342
-1.121E-4	0.0134
-1.129E-4	0.01332
-1.138E-4	0.01329
-1.141E-4	0.01319
-1.145E-4	0.01317
-1.159E-4	0.01316
-1.157E-4	0.01312
-1.163E-4	0.013
-1.177E-4	0.01299
-1.18E-4	0.01285
-1.187E-4	0.01283
-1.19E-4	0.01281
-1.2E-4	0.01273
-1.21E-4	0.01266
-1.218E-4	0.01265
-1.218E-4	0.01247
-1.231E-4	0.0123
-1.235E-4	0.01228
-1.239E-4	0.01221
-1.253E-4	0.01217
-1.258E-4	0.01199
-1.263E-4	0.01181
-1.273E-4	0.01178
-1.278E-4	0.01168
-1.286E-4	0.01151
-1.292E-4	0.01146
-1.298E-4	0.01141
-1.304E-4	0.01132
-1.322E-4	0.01128
-1.321E-4	0.01124
-1.337E-4	0.01117
-1.339E-4	0.0112
-1.35E-4	0.01114
-1.355E-4	0.01114
-1.367E-4	0.01116
-1.372E-4	0.01111
-1.379E-4	0.01115
-1.387E-4	0.0112
-1.39E-4	0.01125
-1.403E-4	0.01128
-1.408E-4	0.01142
-1.413E-4	0.01138
-1.424E-4	0.01144
-1.43E-4	0.01144
-1.434E-4	0.0115
-1.446E-4	0.01153
-1.452E-4	0.01161
-1.453E-4	0.01156
-1.463E-4	0.01161
-1.472E-4	0.01164
-1.479E-4	0.01158
-1.492E-4	0.01165
-1.492E-4	0.01175
-1.508E-4	0.01169
-1.508E-4	0.01169
-1.514E-4	0.0117
-1.524E-4	0.01173
-1.526E-4	0.01178
-1.537E-4	0.01179
-1.545E-4	0.01182
-1.553E-4	0.01177
-1.561E-4	0.01178
-1.57E-4	0.01179
-1.576E-4	0.01179
-1.58E-4	0.0118
-1.584E-4	0.01185
-1.597E-4	0.01188
-1.607E-4	0.01188
-1.611E-4	0.01185
-1.623E-4	0.0119
-1.622E-4	0.01187
-1.628E-4	0.01188
-1.642E-4	0.01192
-1.644E-4	0.01189
-1.655E-4	0.01192
-1.658E-4	0.01199
-1.669E-4	0.01202
-1.675E-4	0.01207
-1.681E-4	0.01198
-1.685E-4	0.01192
-1.694E-4	0.01195
-1.703E-4	0.0119
-1.707E-4	0.01194
-1.716E-4	0.01198
-1.721E-4	0.01204
-1.731E-4	0.01204
-1.741E-4	0.01208
-1.739E-4	0.01208
-1.75E-4	0.01204
-1.759E-4	0.01205
-1.766E-4	0.01207
-1.773E-4	0.01202
-1.778E-4	0.01207
-1.788E-4	0.0121
-1.791E-4	0.01209
