A	B
1.831E-4	0.0122
1.83E-4	0.01219
1.816E-4	0.01222
1.81E-4	0.01229
1.801E-4	0.0123
1.797E-4	0.0122
1.792E-4	0.01216
1.785E-4	0.01223
1.78E-4	0.01227
1.767E-4	0.01228
1.761E-4	0.0123
1.753E-4	0.01237
1.752E-4	0.01235
1.746E-4	0.01232
1.737E-4	0.01229
1.729E-4	0.01223
1.722E-4	0.01216
1.714E-4	0.01224
1.708E-4	0.01231
1.698E-4	0.0122
1.697E-4	0.01221
1.691E-4	0.0122
1.683E-4	0.01222
1.674E-4	0.01225
1.672E-4	0.01229
1.66E-4	0.01228
1.653E-4	0.01222
1.652E-4	0.01223
1.641E-4	0.01224
1.634E-4	0.01228
1.627E-4	0.01227
1.62E-4	0.01224
1.61E-4	0.01224
1.61E-4	0.01226
1.602E-4	0.01221
1.594E-4	0.01224
1.587E-4	0.01224
1.575E-4	0.01221
1.573E-4	0.01227
1.562E-4	0.01223
1.561E-4	0.0123
1.555E-4	0.01229
1.541E-4	0.01226
1.54E-4	0.01221
1.531E-4	0.01217
1.523E-4	0.01211
1.514E-4	0.01215
1.509E-4	0.01217
1.501E-4	0.01217
1.494E-4	0.01218
1.493E-4	0.01216
1.477E-4	0.01213
1.477E-4	0.01209
1.467E-4	0.0121
1.46E-4	0.01221
1.448E-4	0.01226
1.447E-4	0.01213
1.44E-4	0.01205
1.43E-4	0.01209
1.428E-4	0.01212
1.413E-4	0.01212
1.407E-4	0.01212
1.402E-4	0.01207
1.395E-4	0.012
1.388E-4	0.01198
1.38E-4	0.01193
1.375E-4	0.01194
1.364E-4	0.01197
1.362E-4	0.01193
1.352E-4	0.01189
1.348E-4	0.01196
1.344E-4	0.01198
1.332E-4	0.01194
1.325E-4	0.01189
1.317E-4	0.01181
1.311E-4	0.01187
1.299E-4	0.01188
1.295E-4	0.01176
1.29E-4	0.0117
1.281E-4	0.0117
1.278E-4	0.01171
1.262E-4	0.01171
1.261E-4	0.01168
1.255E-4	0.01163
1.244E-4	0.01161
1.242E-4	0.0115
1.234E-4	0.01153
1.221E-4	0.01154
1.214E-4	0.01156
1.208E-4	0.01159
1.201E-4	0.01169
1.195E-4	0.01169
1.189E-4	0.01169
1.179E-4	0.01175
1.175E-4	0.01186
1.165E-4	0.01197
1.16E-4	0.01203
1.15E-4	0.0121
1.144E-4	0.01227
1.137E-4	0.01236
1.134E-4	0.01247
1.123E-4	0.01262
1.117E-4	0.01269
1.116E-4	0.01279
1.109E-4	0.01288
1.099E-4	0.01296
1.09E-4	0.01303
1.082E-4	0.01308
1.082E-4	0.01315
1.072E-4	0.01321
1.067E-4	0.01331
1.063E-4	0.01334
1.051E-4	0.01336
1.044E-4	0.01339
1.04E-4	0.01337
1.034E-4	0.01333
1.03E-4	0.01329
1.024E-4	0.01329
1.014E-4	0.01337
1.013E-4	0.01348
1.002E-4	0.01348
9.96E-5	0.01345
9.95E-5	0.01335
9.86E-5	0.01335
9.79E-5	0.01343
9.69E-5	0.01342
9.68E-5	0.01343
9.55E-5	0.01346
9.53E-5	0.01341
9.48E-5	0.01338
9.39E-5	0.01349
9.35E-5	0.01342
9.27E-5	0.01333
9.19E-5	0.01332
9.15E-5	0.01331
9.07E-5	0.01325
9.02E-5	0.01327
8.95E-5	0.01324
8.95E-5	0.01317
8.78E-5	0.01317
8.79E-5	0.01314
8.67E-5	0.01306
8.61E-5	0.013
8.55E-5	0.01292
8.49E-5	0.01283
8.44E-5	0.01285
8.38E-5	0.01281
8.33E-5	0.01276
8.17E-5	0.01272
8.16E-5	0.01267
8.09E-5	0.01254
8.02E-5	0.01256
7.96E-5	0.01253
7.87E-5	0.01249
7.81E-5	0.01242
7.74E-5	0.01239
7.7E-5	0.01234
7.62E-5	0.01233
7.55E-5	0.01227
7.43E-5	0.0122
7.43E-5	0.01218
7.31E-5	0.01218
7.23E-5	0.01221
7.29E-5	0.01212
7.11E-5	0.01202
7.05E-5	0.01194
7.01E-5	0.01191
6.91E-5	0.01191
6.84E-5	0.01189
6.78E-5	0.01178
6.66E-5	0.01174
6.62E-5	0.01171
6.55E-5	0.01162
6.49E-5	0.01159
6.41E-5	0.01146
6.36E-5	0.01136
6.21E-5	0.01127
6.15E-5	0.01116
6.09E-5	0.01095
5.98E-5	0.01083
5.95E-5	0.01066
5.87E-5	0.01055
5.75E-5	0.01042
5.65E-5	0.01026
5.56E-5	0.01005
5.45E-5	0.00993
5.44E-5	0.00974
5.31E-5	0.0096
5.22E-5	0.00948
5.24E-5	0.00931
5.03E-5	0.00916
4.99E-5	0.00894
4.85E-5	0.00877
4.75E-5	0.00869
4.66E-5	0.00857
4.61E-5	0.00845
4.51E-5	0.0084
4.36E-5	0.00834
4.31E-5	0.00831
4.15E-5	0.0083
4.08E-5	0.00838
4.08E-5	0.00847
3.87E-5	0.00864
3.76E-5	0.00895
3.75E-5	0.00931
3.64E-5	0.00984
3.56E-5	0.0104
3.53E-5	0.01099
3.4E-5	0.01173
3.36E-5	0.01262
3.32E-5	0.01325
3.22E-5	0.01407
3.25E-5	0.01486
3.16E-5	0.01572
3.12E-5	0.01662
3.01E-5	0.01715
3E-5	0.01771
2.96E-5	0.01819
2.88E-5	0.01839
2.89E-5	0.01887
2.8E-5	0.01928
2.78E-5	0.01946
2.69E-5	0.01995
2.73E-5	0.02055
2.64E-5	0.02082
2.57E-5	0.02135
2.62E-5	0.02196
2.55E-5	0.02199
2.52E-5	0.02216
2.46E-5	0.02266
2.39E-5	0.02269
2.39E-5	0.02282
2.34E-5	0.02325
2.31E-5	0.02342
2.27E-5	0.02371
2.24E-5	0.02389
2.14E-5	0.02405
2.13E-5	0.02394
2.13E-5	0.02408
2.1E-5	0.02414
2.02E-5	0.02429
2.02E-5	0.0243
2.01E-5	0.02447
1.88E-5	0.02462
1.93E-5	0.02461
1.88E-5	0.02474
1.8E-5	0.02474
1.85E-5	0.02466
1.79E-5	0.02448
1.76E-5	0.02447
1.72E-5	0.02457
1.63E-5	0.02485
1.65E-5	0.02528
1.59E-5	0.02545
1.63E-5	0.02521
1.51E-5	0.02515
1.52E-5	0.02512
1.45E-5	0.02512
1.46E-5	0.02519
1.43E-5	0.0253
1.36E-5	0.02554
1.33E-5	0.02544
1.31E-5	0.02537
1.27E-5	0.02554
1.21E-5	0.0256
1.21E-5	0.02556
1.14E-5	0.02578
1.11E-5	0.02594
1.11E-5	0.02571
1.04E-5	0.02578
1.04E-5	0.0258
1.03E-5	0.02575
1E-5	0.02576
9.3E-6	0.02569
9.3E-6	0.02577
8.7E-6	0.02587
8.4E-6	0.02595
8.1E-6	0.02593
7E-6	0.0261
7.4E-6	0.02595
6.7E-6	0.02607
6.7E-6	0.02589
6.9E-6	0.02582
5.9E-6	0.02587
5.6E-6	0.02589
5.2E-6	0.02607
5.1E-6	0.026
4.8E-6	0.02585
4.3E-6	0.0259
4.5E-6	0.02611
3.5E-6	0.02619
3.3E-6	0.0264
2.8E-6	0.02632
2.8E-6	0.02615
2.6E-6	0.02634
2E-6	0.02621
2.2E-6	0.02633
1.1E-6	0.0263
1.3E-6	0.02647
1E-6	0.02636
4E-7	0.02628
1E-6	0.02637
9E-7	0.02655
6E-7	0.02677
2E-7	0.02664
-2E-7	0.02643
-5E-7	0.02651
-5E-7	0.02633
-1E-6	0.0262
-1.4E-6	0.02649
-1.2E-6	0.02631
-2.4E-6	0.02626
-2.1E-6	0.02626
-2.8E-6	0.02608
-2.9E-6	0.02585
-3.1E-6	0.02605
-3.4E-6	0.02605
-3.7E-6	0.02606
-4E-6	0.02619
-4.6E-6	0.02598
-5.1E-6	0.02592
-4.7E-6	0.02571
-5.6E-6	0.02576
-6.3E-6	0.02584
-6E-6	0.0259
-6.5E-6	0.02595
-6.5E-6	0.026
-6.9E-6	0.02587
-7.5E-6	0.02582
-7.7E-6	0.02595
-7.8E-6	0.02611
-8.6E-6	0.02595
-8.8E-6	0.02585
-9.6E-6	0.02569
-9.6E-6	0.02565
-9.7E-6	0.02577
-9.8E-6	0.02562
-1.06E-5	0.02554
-1.09E-5	0.02552
-1.06E-5	0.02556
-1.14E-5	0.02552
-1.16E-5	0.02546
-1.21E-5	0.0254
-1.29E-5	0.02552
-1.27E-5	0.02562
-1.29E-5	0.02534
-1.38E-5	0.02512
-1.38E-5	0.02512
-1.41E-5	0.02506
-1.47E-5	0.02514
-1.51E-5	0.02511
-1.5E-5	0.02488
-1.53E-5	0.02499
-1.59E-5	0.02504
-1.63E-5	0.02486
-1.65E-5	0.02461
-1.71E-5	0.02474
-1.72E-5	0.02452
-1.8E-5	0.02472
-1.75E-5	0.02466
-1.81E-5	0.02444
-1.89E-5	0.0245
-1.86E-5	0.02438
-1.97E-5	0.02428
-1.97E-5	0.02432
-2.04E-5	0.02403
-2.08E-5	0.02394
-2.08E-5	0.02392
-2.09E-5	0.02375
-2.17E-5	0.02365
-2.21E-5	0.02346
-2.23E-5	0.02314
-2.29E-5	0.02278
-2.38E-5	0.02276
-2.37E-5	0.02258
-2.41E-5	0.0222
-2.49E-5	0.02178
-2.48E-5	0.02148
-2.56E-5	0.02134
-2.53E-5	0.02128
-2.59E-5	0.02076
-2.67E-5	0.02047
-2.67E-5	0.02029
-2.76E-5	0.01987
-2.78E-5	0.01971
-2.79E-5	0.01949
-2.93E-5	0.01895
-2.94E-5	0.01854
-2.97E-5	0.01793
-3E-5	0.01713
-3.08E-5	0.01667
-3.08E-5	0.01626
-3.24E-5	0.01521
-3.23E-5	0.01451
-3.25E-5	0.0137
-3.41E-5	0.01284
-3.48E-5	0.01209
-3.5E-5	0.01132
-3.7E-5	0.01067
-3.7E-5	0.01017
-3.82E-5	0.00972
-3.92E-5	0.00923
-4.02E-5	0.00895
-4.09E-5	0.00868
-4.17E-5	0.00856
-4.29E-5	0.0085
-4.36E-5	0.00846
-4.54E-5	0.00851
-4.55E-5	0.00852
-4.73E-5	0.0086
-4.75E-5	0.00882
-4.83E-5	0.00891
-4.98E-5	0.009
-5.01E-5	0.00916
-5.15E-5	0.00933
-5.18E-5	0.00948
-5.3E-5	0.00964
-5.36E-5	0.00983
-5.55E-5	0.00993
-5.56E-5	0.01014
-5.62E-5	0.01026
-5.8E-5	0.01034
-5.81E-5	0.01044
-5.91E-5	0.01054
-5.97E-5	0.01078
-6.03E-5	0.01094
-6.1E-5	0.01105
-6.17E-5	0.01115
-6.27E-5	0.01128
-6.31E-5	0.01138
-6.43E-5	0.01156
-6.47E-5	0.01163
-6.59E-5	0.01171
-6.61E-5	0.0118
-6.67E-5	0.01183
-6.75E-5	0.01191
-6.82E-5	0.01193
-6.94E-5	0.01191
-6.99E-5	0.01196
-7.08E-5	0.01207
-7.12E-5	0.01219
-7.15E-5	0.01218
-7.23E-5	0.01223
-7.36E-5	0.01228
-7.41E-5	0.01232
-7.43E-5	0.01231
-7.57E-5	0.01227
-7.63E-5	0.01229
-7.69E-5	0.01236
-7.74E-5	0.01243
-7.84E-5	0.0125
-7.87E-5	0.0125
-7.95E-5	0.01256
-8E-5	0.01266
-8.03E-5	0.01266
-8.19E-5	0.01262
-8.19E-5	0.01264
-8.27E-5	0.01267
-8.34E-5	0.01281
-8.4E-5	0.01281
-8.44E-5	0.0129
-8.56E-5	0.01286
-8.6E-5	0.01287
-8.72E-5	0.01302
-8.74E-5	0.01313
-8.77E-5	0.01314
-8.9E-5	0.01318
-8.94E-5	0.01326
-9E-5	0.01321
-9.08E-5	0.01324
-9.12E-5	0.0133
-9.13E-5	0.01327
-9.28E-5	0.01333
-9.25E-5	0.01337
-9.39E-5	0.01337
-9.48E-5	0.01342
-9.52E-5	0.01344
-9.55E-5	0.01355
-9.69E-5	0.01357
-9.73E-5	0.01346
-9.77E-5	0.01347
-9.86E-5	0.01346
-9.87E-5	0.01345
-9.97E-5	0.01345
-9.99E-5	0.0135
-1.008E-4	0.01344
-1.015E-4	0.0134
-1.02E-4	0.01337
-1.029E-4	0.01334
-1.032E-4	0.0133
-1.042E-4	0.01338
-1.046E-4	0.01335
-1.053E-4	0.0133
-1.064E-4	0.01329
-1.066E-4	0.01332
-1.072E-4	0.01317
-1.079E-4	0.01321
-1.084E-4	0.01314
-1.091E-4	0.0131
-1.101E-4	0.01297
-1.104E-4	0.01284
-1.111E-4	0.01283
-1.118E-4	0.01272
-1.12E-4	0.01256
-1.135E-4	0.01247
-1.141E-4	0.01244
-1.151E-4	0.01229
-1.155E-4	0.01221
-1.165E-4	0.01207
-1.166E-4	0.01188
-1.173E-4	0.01182
-1.182E-4	0.01179
-1.192E-4	0.01178
-1.202E-4	0.01177
-1.203E-4	0.01167
-1.211E-4	0.0116
-1.22E-4	0.01155
-1.222E-4	0.01159
-1.235E-4	0.01162
-1.24E-4	0.01161
-1.246E-4	0.0116
-1.258E-4	0.01168
-1.264E-4	0.01174
-1.271E-4	0.01172
-1.275E-4	0.01178
-1.285E-4	0.01178
-1.291E-4	0.01177
-1.301E-4	0.01184
-1.305E-4	0.01191
-1.315E-4	0.0119
-1.328E-4	0.01193
-1.327E-4	0.01197
-1.335E-4	0.01203
-1.342E-4	0.01205
-1.354E-4	0.01204
-1.354E-4	0.01199
-1.365E-4	0.01199
-1.371E-4	0.01206
-1.378E-4	0.01204
-1.386E-4	0.01205
-1.388E-4	0.01207
-1.397E-4	0.01198
-1.406E-4	0.01209
-1.416E-4	0.01211
-1.418E-4	0.01203
-1.426E-4	0.01206
-1.427E-4	0.01214
-1.436E-4	0.01216
-1.446E-4	0.01217
-1.45E-4	0.01221
-1.461E-4	0.01214
-1.47E-4	0.0122
-1.476E-4	0.01226
-1.48E-4	0.01225
-1.486E-4	0.01213
-1.495E-4	0.01212
-1.497E-4	0.01213
-1.513E-4	0.01219
-1.515E-4	0.01229
-1.521E-4	0.01225
-1.532E-4	0.0122
-1.537E-4	0.01225
-1.544E-4	0.01226
-1.549E-4	0.01229
-1.56E-4	0.01229
-1.562E-4	0.01226
-1.577E-4	0.01228
-1.577E-4	0.01223
-1.589E-4	0.01228
-1.595E-4	0.01229
-1.6E-4	0.01229
-1.609E-4	0.01228
-1.613E-4	0.01231
-1.623E-4	0.01231
-1.623E-4	0.01229
-1.638E-4	0.01224
-1.644E-4	0.01234
-1.643E-4	0.01239
-1.657E-4	0.01237
-1.665E-4	0.01232
-1.669E-4	0.01228
-1.677E-4	0.0123
-1.685E-4	0.0123
-1.685E-4	0.01231
-1.69E-4	0.01234
-1.702E-4	0.01241
-1.708E-4	0.0123
-1.72E-4	0.01227
-1.721E-4	0.01231
-1.73E-4	0.01235
-1.732E-4	0.01241
-1.745E-4	0.01232
-1.749E-4	0.01231
-1.757E-4	0.01228
-1.766E-4	0.01226
-1.771E-4	0.01232
-1.783E-4	0.01233
-1.785E-4	0.01231
-1.795E-4	0.01228
-1.803E-4	0.01227
-1.809E-4	0.01226
